9.0416445959 1.0634693924 
30.7886238281 3.4520192832 
48.7439763559 6.1075087565 
12.3144685894 1.6050346406 
8.7794694477 0.9440858577 
8.7934735961 0.9182588900 
11.9240131740 1.4919918136 
9.9452890385 1.2168192789 
100000000.0000000000 100000000.0000000000 
12.7595615673 1.5641682803 
14.8551062205 1.9042004337 
8.2037081103 0.9102247735 
13.2396039328 1.7468025547 
12.4880606409 1.3112083736 
8.7997240938 0.9263266002 
10.1977577965 1.2000802031 
9.0098848354 1.0346766376 
20.8679026733 2.4812251938 
8.7181417480 0.9797848583 
12.4847795818 1.6150195032 
- 
8.2037081103 0.9102247735 
8.7934735961 0.9182588900 
8.5046423043 0.9486740925 
8.6473239912 0.9296814114 
8.7997240938 0.9263266002 
8.7794694477 0.9440858577 
8.7181417480 0.9797848583 
8.8778681519 0.9268610619 
8.7553269649 1.0343575237 
8.8916696950 0.9305568230 
9.0098848354 1.0346766376 
9.0394110443 1.0374795430 
9.0416445959 1.0634693924 
9.3400116594 1.0465406834 
9.9452890385 1.2168192789 
10.1977577965 1.2000802031 
10.2525153229 1.0854393148 
10.1131246188 1.2327598919 
11.9240131740 1.4919918136 
12.4880606409 1.3112083736 
- 
7.9951045275 0.8763571071 
8.0284957238 0.8697774379 
8.0553494127 0.8907793743 
8.1781484374 0.8757205241 
8.2037081103 0.9102247735 
8.5723793567 0.8979601146 
8.2956038784 0.9175285981 
8.4238695947 0.9119911204 
8.7934735961 0.9182588900 
8.5046423043 0.9486740925 
8.6473239912 0.9296814114 
8.7997240938 0.9263266002 
8.7794694477 0.9440858577 
8.6491336624 0.9562375078 
8.8778681519 0.9268610619 
8.7181417480 0.9797848583 
8.6880035936 0.9885287481 
8.8916696950 0.9305568230 
8.8916696950 0.9305568230 
8.7553269649 1.0343575237 
- 
7.7799917963 0.8544248587 
7.9951045275 0.8763571071 
7.9951045275 0.8763571071 
8.0284957238 0.8697774379 
8.0284957238 0.8697774379 
8.1802859732 0.8670165050 
8.0553494127 0.8907793743 
8.1781484374 0.8757205241 
8.1329189886 0.8790832627 
8.1643786935 0.8955115160 
8.3129684310 0.8812193364 
8.2037081103 0.9102247735 
8.5723793567 0.8979601146 
8.4238695947 0.9119911204 
8.2882969312 0.9168893857 
8.6910620423 0.9096993726 
8.4281858355 0.9124131729 
8.2956038784 0.9175285981 
8.7934735961 0.9182588900 
8.5034988049 0.9483713836 
- 
7.7799917963 0.8544248587 
7.9951045275 0.8763571071 
7.9951045275 0.8763571071 
7.9951045275 0.8763571071 
8.1802859732 0.8670165050 
7.9988493859 0.8683643515 
8.1983284203 0.8679772628 
8.0284957238 0.8697774379 
8.0284957238 0.8697774379 
8.0284957238 0.8697774379 
8.0250949804 0.8707777917 
8.1781484374 0.8757205241 
8.1329189886 0.8790832627 
8.0291363223 0.8884979588 
8.0961252664 0.8860415531 
8.3266237626 0.8800567848 
8.0553494127 0.8907793743 
8.2093297475 0.8858376948 
8.0933974653 0.8895474331 
8.3129684310 0.8812193364 
- 
7.7799917963 0.8544248587 
7.8084200044 0.8583819188 
7.8643488024 0.8668567193 
8.1802859732 0.8670165050 
8.1802859732 0.8670165050 
7.9988493859 0.8683643515 
7.9988493859 0.8683643515 
7.9939217214 0.8752207363 
8.1983284203 0.8679772628 
8.1983284203 0.8679772628 
7.9951045275 0.8763571071 
7.9951045275 0.8763571071 
8.0284957238 0.8697774379 
8.0250949804 0.8707777917 
8.0284957238 0.8697774379 
8.0284957238 0.8697774379 
8.0284957238 0.8697774379 
8.0284957238 0.8697774379 
8.0284957238 0.8697774379 
7.9951045275 0.8763571071 
- 
7.7799917963 0.8544248587 
7.7799917963 0.8544248587 
7.8084200044 0.8583819188 
7.8084200044 0.8583819188 
7.8643488024 0.8668567193 
7.8643488024 0.8668567193 
7.9988493859 0.8683643515 
7.9988493859 0.8683643515 
7.9988493859 0.8683643515 
7.9939217214 0.8752207363 
7.9939217214 0.8752207363 
8.1798662163 0.8669810180 
7.9951045275 0.8763571071 
7.9951045275 0.8763571071 
8.1802859732 0.8670165050 
8.1802859732 0.8670165050 
7.9992134003 0.8683938519 
7.9951045275 0.8763571071 
7.9951045275 0.8763571071 
7.9951045275 0.8763571071 
- 
7.7799917963 0.8544248587 
7.7799917963 0.8544248587 
7.7799917963 0.8544248587 
7.7799917963 0.8544248587 
7.8084200044 0.8583819188 
7.8084200044 0.8583819188 
7.8084200044 0.8583819188 
7.8084200044 0.8583819188 
7.8643488024 0.8668567193 
7.8643488024 0.8668567193 
7.8643488024 0.8668567193 
7.8643488024 0.8668567193 
8.0651489394 0.8633077935 
7.9938818674 0.8751752639 
8.1798662163 0.8669810180 
8.0005373592 0.8677841969 
7.9987057279 0.8684164558 
7.9988493859 0.8683643515 
7.9988493859 0.8683643515 
7.9988493859 0.8683643515 
- 
7.7799917963 0.8544248587 
7.7799917963 0.8544248587 
7.7799917963 0.8544248587 
7.7799917963 0.8544248587 
7.7799917963 0.8544248587 
7.7799917963 0.8544248587 
7.7799917963 0.8544248587 
7.7799917963 0.8544248587 
7.8084200044 0.8583819188 
7.8084200044 0.8583819188 
7.8084200044 0.8583819188 
7.8084200044 0.8583819188 
7.8084200044 0.8583819188 
7.8084200044 0.8583819188 
7.8084200044 0.8583819188 
7.8084200044 0.8583819188 
7.8643488024 0.8668567193 
7.8643488024 0.8668567193 
8.0651489394 0.8633077935 
8.0651489394 0.8633077935 
- 
7.7799917963 0.8544248587 
7.7799917963 0.8544248587 
7.7799917963 0.8544248587 
7.7799917963 0.8544248587 
7.7799917963 0.8544248587 
7.7799917963 0.8544248587 
7.7799917963 0.8544248587 
7.7799917963 0.8544248587 
7.7799917963 0.8544248587 
7.7799917963 0.8544248587 
7.7799917963 0.8544248587 
7.7799917963 0.8544248587 
7.7799917963 0.8544248587 
7.7799917963 0.8544248587 
7.7799917963 0.8544248587 
7.7799917963 0.8544248587 
7.8084200044 0.8583819188 
7.8084200044 0.8583819188 
7.8084200044 0.8583819188 
7.8084200044 0.8583819188 
- 
7.7799917963 0.8544248587 
7.7799917963 0.8544248587 
7.7799917963 0.8544248587 
7.7799917963 0.8544248587 
7.7799917963 0.8544248587 
7.7799917963 0.8544248587 
7.7799917963 0.8544248587 
7.7799917963 0.8544248587 
7.7799917963 0.8544248587 
7.7799917963 0.8544248587 
7.7799917963 0.8544248587 
7.7799917963 0.8544248587 
7.7799917963 0.8544248587 
7.7799917963 0.8544248587 
7.7799917963 0.8544248587 
7.7799917963 0.8544248587 
7.7799917963 0.8544248587 
7.7799917963 0.8544248587 
7.7799917963 0.8544248587 
7.7799917963 0.8544248587 
- 
7.7799917963 0.8544248587 
7.7799917963 0.8544248587 
7.7799917963 0.8544248587 
7.7799917963 0.8544248587 
7.7799917963 0.8544248587 
7.7799917963 0.8544248587 
7.7799917963 0.8544248587 
7.7799917963 0.8544248587 
7.7799917963 0.8544248587 
7.7799917963 0.8544248587 
7.7799917963 0.8544248587 
7.7799917963 0.8544248587 
7.7799917963 0.8544248587 
7.7799917963 0.8544248587 
7.7799917963 0.8544248587 
7.7799917963 0.8544248587 
7.7799917963 0.8544248587 
7.7799917963 0.8544248587 
7.7799917963 0.8544248587 
7.7799917963 0.8544248587 
- 
7.7799917958 0.8544248584 
7.7799917958 0.8544248584 
7.7799917958 0.8544248584 
7.7799917958 0.8544248584 
7.7799917958 0.8544248584 
7.7799917958 0.8544248584 
7.7799917958 0.8544248584 
7.7799917958 0.8544248584 
7.7799917958 0.8544248584 
7.7799917958 0.8544248584 
7.7799917958 0.8544248584 
7.7799917958 0.8544248584 
7.7799917958 0.8544248584 
7.7799917958 0.8544248584 
7.7799917958 0.8544248584 
7.7799917958 0.8544248584 
7.7799917958 0.8544248584 
7.7799917958 0.8544248584 
7.7799917958 0.8544248584 
7.7799917958 0.8544248584 
- 
7.7799917958 0.8544248584 
7.7799917958 0.8544248584 
7.7799917958 0.8544248584 
7.7799917958 0.8544248584 
7.7799917958 0.8544248584 
7.7799917958 0.8544248584 
7.7799917958 0.8544248584 
7.7799917958 0.8544248584 
7.7799917958 0.8544248584 
7.7799917958 0.8544248584 
7.7799917958 0.8544248584 
7.7799917958 0.8544248584 
7.7799917958 0.8544248584 
7.7799917958 0.8544248584 
7.7799917958 0.8544248584 
7.7799917958 0.8544248584 
7.7799917958 0.8544248584 
7.7799917958 0.8544248584 
7.7799917958 0.8544248584 
7.7799917958 0.8544248584 
- 
7.7799917958 0.8544248584 
7.7799917958 0.8544248584 
7.7799917958 0.8544248584 
7.7799917958 0.8544248584 
7.7799917958 0.8544248584 
7.7799917958 0.8544248584 
7.7799917958 0.8544248584 
7.7799917958 0.8544248584 
7.7799917958 0.8544248584 
7.7799917958 0.8544248584 
7.7799917958 0.8544248584 
7.7799917958 0.8544248584 
7.7799917958 0.8544248584 
7.7799917958 0.8544248584 
7.7799917958 0.8544248584 
7.7799917958 0.8544248584 
7.7799917958 0.8544248584 
7.7799917958 0.8544248584 
7.7799917958 0.8544248584 
7.7799917958 0.8544248584 
- 
7.7799917958 0.8544248584 
7.7799917958 0.8544248584 
7.7799917958 0.8544248584 
7.7799917958 0.8544248584 
7.7799917958 0.8544248584 
7.7799917958 0.8544248584 
7.7799917958 0.8544248584 
7.7799917958 0.8544248584 
7.7799917958 0.8544248584 
7.7799917958 0.8544248584 
7.7799917958 0.8544248584 
7.7799917958 0.8544248584 
7.7799917958 0.8544248584 
7.7799917958 0.8544248584 
7.7799917958 0.8544248584 
7.7799917958 0.8544248584 
7.7799917958 0.8544248584 
7.7799917958 0.8544248584 
7.7799917958 0.8544248584 
7.7799917958 0.8544248584 
- 
7.7799917958 0.8544248584 
7.7799917958 0.8544248584 
7.7799917958 0.8544248584 
7.7799917958 0.8544248584 
7.7799917958 0.8544248584 
7.7799917958 0.8544248584 
7.7799917958 0.8544248584 
7.7799917958 0.8544248584 
7.7799917958 0.8544248584 
7.7799917958 0.8544248584 
7.7799917958 0.8544248584 
7.7799917958 0.8544248584 
7.7799917958 0.8544248584 
7.7799917958 0.8544248584 
7.7799917958 0.8544248584 
7.7799917958 0.8544248584 
7.7799917958 0.8544248584 
7.7799917958 0.8544248584 
7.7799917958 0.8544248584 
7.7799917958 0.8544248584 
- 
7.7799917958 0.8544248584 
7.7799917958 0.8544248584 
7.7799917958 0.8544248584 
7.7799917958 0.8544248584 
7.7799917958 0.8544248584 
7.7799917958 0.8544248584 
7.7799917958 0.8544248584 
7.7799917958 0.8544248584 
7.7799917958 0.8544248584 
7.7799917958 0.8544248584 
7.7799917958 0.8544248584 
7.7799917958 0.8544248584 
7.7799917958 0.8544248584 
7.7799917958 0.8544248584 
7.7799917958 0.8544248584 
7.7799917958 0.8544248584 
7.7799917958 0.8544248584 
7.7799917958 0.8544248584 
7.7799917958 0.8544248584 
7.7799917958 0.8544248584 
- 
7.7799917958 0.8544248584 
7.7799917958 0.8544248584 
7.7799917958 0.8544248584 
7.7799917958 0.8544248584 
7.7799917958 0.8544248584 
7.7799917958 0.8544248584 
7.7799917958 0.8544248584 
7.7799917958 0.8544248584 
7.7799917958 0.8544248584 
7.7799917958 0.8544248584 
7.7799917958 0.8544248584 
7.7799917958 0.8544248584 
7.7799917958 0.8544248584 
7.7799917958 0.8544248584 
7.7799917958 0.8544248584 
7.7799917958 0.8544248584 
7.7799917958 0.8544248584 
7.7799917958 0.8544248584 
7.7799917958 0.8544248584 
7.7799917958 0.8544248584 
- 
7.7799917958 0.8544248584 
7.7799917958 0.8544248584 
7.7799917958 0.8544248584 
7.7799917958 0.8544248584 
7.7799917958 0.8544248584 
7.7799917958 0.8544248584 
7.7799917958 0.8544248584 
7.7799917958 0.8544248584 
7.7799917958 0.8544248584 
7.7799917958 0.8544248584 
7.7799917958 0.8544248584 
7.7799917958 0.8544248584 
7.7799917958 0.8544248584 
7.7799917958 0.8544248584 
7.7799917958 0.8544248584 
7.7799917958 0.8544248584 
7.7799917958 0.8544248584 
7.7799917958 0.8544248584 
7.7799917958 0.8544248584 
7.7799917958 0.8544248584 
- 
7.7799917958 0.8544248584 
7.7799917958 0.8544248584 
7.7799917958 0.8544248584 
7.7799917958 0.8544248584 
7.7799917958 0.8544248584 
7.7799917958 0.8544248584 
7.7799917958 0.8544248584 
7.7799917958 0.8544248584 
7.7799917958 0.8544248584 
7.7799917958 0.8544248584 
7.7799917958 0.8544248584 
7.7799917958 0.8544248584 
7.7799917958 0.8544248584 
7.7799917958 0.8544248584 
7.7799917958 0.8544248584 
7.7799917958 0.8544248584 
7.7799917958 0.8544248584 
7.7799917958 0.8544248584 
7.7799917958 0.8544248584 
7.7799917958 0.8544248584 
- 
7.7799917958 0.8544248584 
7.7799917958 0.8544248584 
7.7799917958 0.8544248584 
7.7799917958 0.8544248584 
7.7799917958 0.8544248584 
7.7799917958 0.8544248584 
7.7799917958 0.8544248584 
7.7799917958 0.8544248584 
7.7799917958 0.8544248584 
7.7799917958 0.8544248584 
7.7799917958 0.8544248584 
7.7799917958 0.8544248584 
7.7799917958 0.8544248584 
7.7799917958 0.8544248584 
7.7799917958 0.8544248584 
7.7799917958 0.8544248584 
7.7799917958 0.8544248584 
7.7799917958 0.8544248584 
7.7799917958 0.8544248584 
7.7799917958 0.8544248584 
- 
7.7799917958 0.8544248584 
7.7799917958 0.8544248584 
7.7799917958 0.8544248584 
7.7799917958 0.8544248584 
7.7799917958 0.8544248584 
7.7799917958 0.8544248584 
7.7799917958 0.8544248584 
7.7799917958 0.8544248584 
7.7799917958 0.8544248584 
7.7799917958 0.8544248584 
7.7799917958 0.8544248584 
7.7799917958 0.8544248584 
7.7799917958 0.8544248584 
7.7799917958 0.8544248584 
7.7799917958 0.8544248584 
7.7799917958 0.8544248584 
7.7799917958 0.8544248584 
7.7799917958 0.8544248584 
7.7799917958 0.8544248584 
7.7799917958 0.8544248584 
- 
7.7799917958 0.8544248584 
7.7799917958 0.8544248584 
7.7799917958 0.8544248584 
7.7799917958 0.8544248584 
7.7799917958 0.8544248584 
7.7799917958 0.8544248584 
7.7799917958 0.8544248584 
7.7799917958 0.8544248584 
7.7799917958 0.8544248584 
7.7799917958 0.8544248584 
7.7799917958 0.8544248584 
7.7799917958 0.8544248584 
7.7799917958 0.8544248584 
7.7799917958 0.8544248584 
7.7799917958 0.8544248584 
7.7799917958 0.8544248584 
7.7799917958 0.8544248584 
7.7799917958 0.8544248584 
7.7799917958 0.8544248584 
7.7799917958 0.8544248584 
- 
7.7799917958 0.8544248584 
7.7799917958 0.8544248584 
7.7799917958 0.8544248584 
7.7799917958 0.8544248584 
7.7799917958 0.8544248584 
7.7799917958 0.8544248584 
7.7799917958 0.8544248584 
7.7799917958 0.8544248584 
7.7799917958 0.8544248584 
7.7799917958 0.8544248584 
7.7799917958 0.8544248584 
7.7799917958 0.8544248584 
7.7799917958 0.8544248584 
7.7799917958 0.8544248584 
7.7799917958 0.8544248584 
7.7799917958 0.8544248584 
7.7799917958 0.8544248584 
7.7799917958 0.8544248584 
7.7799917958 0.8544248584 
7.7799917958 0.8544248584 
- 
7.7799917958 0.8544248584 
7.7799917958 0.8544248584 
7.7799917958 0.8544248584 
7.7799917958 0.8544248584 
7.7799917958 0.8544248584 
7.7799917958 0.8544248584 
7.7799917958 0.8544248584 
7.7799917958 0.8544248584 
7.7799917958 0.8544248584 
7.7799917958 0.8544248584 
7.7799917958 0.8544248584 
7.7799917958 0.8544248584 
7.7799917958 0.8544248584 
7.7799917958 0.8544248584 
7.7799917958 0.8544248584 
7.7799917958 0.8544248584 
7.7799917958 0.8544248584 
7.7799917958 0.8544248584 
7.7799917958 0.8544248584 
7.7799917958 0.8544248584 
- 
7.7799917958 0.8544248584 
7.7799917958 0.8544248584 
7.7799917958 0.8544248584 
7.7799917958 0.8544248584 
7.7799917958 0.8544248584 
7.7799917958 0.8544248584 
7.7799917958 0.8544248584 
7.7799917958 0.8544248584 
7.7799917958 0.8544248584 
7.7799917958 0.8544248584 
7.7799917958 0.8544248584 
7.7799917958 0.8544248584 
7.7799917958 0.8544248584 
7.7799917958 0.8544248584 
7.7799917958 0.8544248584 
7.7799917958 0.8544248584 
7.7799917958 0.8544248584 
7.7799917958 0.8544248584 
7.7799917958 0.8544248584 
7.7799917958 0.8544248584 
- 
7.7799917958 0.8544248584 
7.7799917958 0.8544248584 
7.7799917958 0.8544248584 
7.7799917958 0.8544248584 
7.7799917958 0.8544248584 
7.7799917958 0.8544248584 
7.7799917958 0.8544248584 
7.7799917958 0.8544248584 
7.7799917958 0.8544248584 
7.7799917958 0.8544248584 
7.7799917958 0.8544248584 
7.7799917958 0.8544248584 
7.7799917958 0.8544248584 
7.7799917958 0.8544248584 
7.7799917958 0.8544248584 
7.7799917958 0.8544248584 
7.7799917958 0.8544248584 
7.7799917958 0.8544248584 
7.7799917958 0.8544248584 
7.7799917958 0.8544248584 
- 
7.7799917958 0.8544248584 
7.7799917958 0.8544248584 
7.7799917958 0.8544248584 
7.7799917958 0.8544248584 
7.7799917958 0.8544248584 
7.7799917958 0.8544248584 
7.7799917958 0.8544248584 
7.7799917958 0.8544248584 
7.7799917958 0.8544248584 
7.7799917958 0.8544248584 
7.7799917958 0.8544248584 
7.7799917958 0.8544248584 
7.7799917958 0.8544248584 
7.7799917958 0.8544248584 
7.7799917958 0.8544248584 
7.7799917958 0.8544248584 
7.7799917958 0.8544248584 
7.7799917958 0.8544248584 
7.7799917958 0.8544248584 
7.7799917958 0.8544248584 
- 
7.7799917958 0.8544248584 
7.7799917958 0.8544248584 
7.7799917958 0.8544248584 
7.7799917958 0.8544248584 
7.7799917958 0.8544248584 
7.7799917958 0.8544248584 
7.7799917958 0.8544248584 
7.7799917958 0.8544248584 
7.7799917958 0.8544248584 
7.7799917958 0.8544248584 
7.7799917958 0.8544248584 
7.7799917958 0.8544248584 
7.7799917958 0.8544248584 
7.7799917958 0.8544248584 
7.7799917958 0.8544248584 
7.7799917958 0.8544248584 
7.7799917958 0.8544248584 
7.7799917958 0.8544248584 
7.7799917958 0.8544248584 
7.7799917958 0.8544248584 
- 
7.7799917958 0.8544248584 
7.7799917958 0.8544248584 
7.7799917958 0.8544248584 
7.7799917958 0.8544248584 
7.7799917958 0.8544248584 
7.7799917958 0.8544248584 
7.7799917958 0.8544248584 
7.7799917958 0.8544248584 
7.7799917958 0.8544248584 
7.7799917958 0.8544248584 
7.7799917958 0.8544248584 
7.7799917958 0.8544248584 
7.7799917958 0.8544248584 
7.7799917958 0.8544248584 
7.7799917958 0.8544248584 
7.7799917958 0.8544248584 
7.7799917958 0.8544248584 
7.7799917958 0.8544248584 
7.7799917958 0.8544248584 
7.7799917958 0.8544248584 
- 
7.7799917958 0.8544248584 
7.7799917958 0.8544248584 
7.7799917958 0.8544248584 
7.7799917958 0.8544248584 
7.7799917958 0.8544248584 
7.7799917958 0.8544248584 
7.7799917958 0.8544248584 
7.7799917958 0.8544248584 
7.7799917958 0.8544248584 
7.7799917958 0.8544248584 
7.7799917958 0.8544248584 
7.7799917958 0.8544248584 
7.7799917958 0.8544248584 
7.7799917958 0.8544248584 
7.7799917958 0.8544248584 
7.7799917958 0.8544248584 
7.7799917958 0.8544248584 
7.7799917958 0.8544248584 
7.7799917958 0.8544248584 
7.7799917958 0.8544248584 
- 
7.7799917958 0.8544248584 
7.7799917958 0.8544248584 
7.7799917958 0.8544248584 
7.7799917958 0.8544248584 
7.7799917958 0.8544248584 
7.7799917958 0.8544248584 
7.7799917958 0.8544248584 
7.7799917958 0.8544248584 
7.7799917958 0.8544248584 
7.7799917958 0.8544248584 
7.7799917958 0.8544248584 
7.7799917958 0.8544248584 
7.7799917958 0.8544248584 
7.7799917958 0.8544248584 
7.7799917958 0.8544248584 
7.7799917958 0.8544248584 
7.7799917958 0.8544248584 
7.7799917958 0.8544248584 
7.7799917958 0.8544248584 
7.7799917958 0.8544248584 
- 
7.7799917958 0.8544248584 
7.7799917958 0.8544248584 
7.7799917958 0.8544248584 
7.7799917958 0.8544248584 
7.7799917958 0.8544248584 
7.7799917958 0.8544248584 
7.7799917958 0.8544248584 
7.7799917958 0.8544248584 
7.7799917958 0.8544248584 
7.7799917958 0.8544248584 
7.7799917958 0.8544248584 
7.7799917958 0.8544248584 
7.7799917958 0.8544248584 
7.7799917958 0.8544248584 
7.7799917958 0.8544248584 
7.7799917958 0.8544248584 
7.7799917958 0.8544248584 
7.7799917958 0.8544248584 
7.7799917958 0.8544248584 
7.7799917958 0.8544248584 
- 
7.7799917958 0.8544248584 
7.7799917958 0.8544248584 
7.7799917958 0.8544248584 
7.7799917958 0.8544248584 
7.7799917958 0.8544248584 
7.7799917958 0.8544248584 
7.7799917958 0.8544248584 
7.7799917958 0.8544248584 
7.7799917958 0.8544248584 
7.7799917958 0.8544248584 
7.7799917958 0.8544248584 
7.7799917958 0.8544248584 
7.7799917958 0.8544248584 
7.7799917958 0.8544248584 
7.7799917958 0.8544248584 
7.7799917958 0.8544248584 
7.7799917958 0.8544248584 
7.7799917958 0.8544248584 
7.7799917958 0.8544248584 
7.7799917958 0.8544248584 
- 
7.7799917958 0.8544248584 
7.7799917958 0.8544248584 
7.7799917958 0.8544248584 
7.7799917958 0.8544248584 
7.7799917958 0.8544248584 
7.7799917958 0.8544248584 
7.7799917958 0.8544248584 
7.7799917958 0.8544248584 
7.7799917958 0.8544248584 
7.7799917958 0.8544248584 
7.7799917958 0.8544248584 
7.7799917958 0.8544248584 
7.7799917958 0.8544248584 
7.7799917958 0.8544248584 
7.7799917958 0.8544248584 
7.7799917958 0.8544248584 
7.7799917958 0.8544248584 
7.7799917958 0.8544248584 
7.7799917958 0.8544248584 
7.7799917958 0.8544248584 
- 
