5.0156574300 3.0067271500 
5.2621324200 0.1575995300 
0.4345879900 6.7882661800 
6.0633794900 5.2257972000 
6.9046253200 1.6345390700 
4.2588155400 1.0993274400 
2.9616456800 4.7865192700 
3.1524413500 3.7510413700 
0.0326195900 6.5870584800 
2.1396606900 4.5313868900 
2.7882709800 6.2913924700 
3.7043753800 2.0464235700 
5.7316518600 5.8097518900 
4.5919502400 0.5101558200 
1.1978046100 0.8156132200 
2.0557670300 3.1858965100 
6.4539668600 2.7247533800 
0.7619167600 3.9951008600 
1.7104743200 2.1487374300 
3.8526452700 5.4126064500 
- 
3.7043753800 2.0464235700 
4.2588155400 1.0993274400 
5.1435620636 2.2169082479 
6.2137089489 1.6345390700 
1.1978046100 0.8156132200 
6.9046253200 1.6345390700 
1.7104743200 2.1487374300 
4.6045075360 1.0993274400 
2.8226206924 2.9432492286 
5.1341741113 1.1549940197 
6.4539668600 2.7247533800 
6.6511980064 2.7247533800 
5.0156574300 3.0067271500 
1.4735777795 2.1487374300 
3.1524413500 3.7510413700 
2.0557670300 3.1858965100 
1.1978046100 0.5797717141 
2.9616456800 3.7711300139 
2.9616456800 4.7865192700 
4.5919502400 0.5101558200 
- 
2.8170638182 1.7783080369 
2.9616456800 1.6133884688 
1.6825954125 1.8177979625 
3.5123777450 1.4828991987 
3.7043753800 2.0464235700 
3.7043753800 1.1444508876 
4.2588155400 2.0380942054 
5.1435620636 1.7332445342 
4.2588155400 1.0993274400 
5.1435620636 2.2169082479 
6.2137089489 1.6345390700 
1.1978046100 0.8156132200 
6.9046253200 1.6345390700 
6.2137089489 2.1242090185 
4.6045075360 1.0993274400 
1.7104743200 2.1487374300 
5.2653838366 2.5241403839 
5.1341741113 1.1549940197 
5.1341741113 1.1549940197 
2.8226206924 2.9432492286 
- 
1.6825954125 1.6793970033 
2.8170638182 1.7783080369 
2.8170638182 1.7783080369 
2.9616456800 1.6133884688 
2.9616456800 1.6133884688 
2.8226206924 1.2818087709 
1.6825954125 1.8177979625 
3.5123777450 1.4828991987 
3.5123777450 1.6218936323 
3.7043753800 1.8677532343 
3.7043753800 1.3429168957 
3.7043753800 2.0464235700 
3.7043753800 1.1444508876 
5.1435620636 1.7332445342 
4.2159088956 2.0380942054 
4.2588155400 1.1515894597 
5.1668633366 1.7332445342 
4.2588155400 2.0380942054 
4.2588155400 1.0993274400 
5.1435620636 2.2141090454 
- 
1.6825954125 1.6793970033 
2.8170638182 1.7783080369 
2.8170638182 1.7783080369 
2.8170638182 1.7783080369 
2.8226206924 1.2818087709 
2.8211972718 1.6314971534 
2.8226206924 1.2649213495 
2.9616456800 1.6133884688 
2.9616456800 1.6133884688 
2.9616456800 1.6133884688 
2.9616456800 1.6363507911 
3.5123777450 1.4828991987 
3.5123777450 1.6218936323 
1.7067138065 1.8277186588 
3.3616188767 1.8032252645 
3.5123777450 1.2872184810 
1.6825954125 1.8177979625 
3.9101704715 1.6218936323 
3.3057106063 1.8677532343 
3.7043753800 1.3429168957 
- 
1.6825954125 1.6793970033 
1.6825954125 1.6976683745 
1.7067138065 1.7477198979 
2.8226206924 1.2818087709 
2.8226206924 1.2818087709 
2.8211972718 1.6314971534 
2.8211972718 1.6314971534 
2.8170638182 1.7601722298 
2.8226206924 1.2649213495 
2.8226206924 1.2649213495 
2.8170638182 1.7783080369 
2.8170638182 1.7783080369 
2.9616456800 1.6133884688 
2.9616456800 1.6363507911 
2.9616456800 1.6133884688 
2.9616456800 1.6133884688 
2.9616456800 1.6133884688 
2.9616456800 1.6133884688 
2.9616456800 1.6133884688 
2.8170638182 1.7783080369 
- 
1.6825954125 1.6793970033 
1.6825954125 1.6793970033 
1.6825954125 1.6976683745 
1.6825954125 1.6976683745 
1.7067138065 1.7477198979 
1.7067138065 1.7477198979 
2.8211972718 1.6314971534 
2.8211972718 1.6314971534 
2.8211972718 1.6314971534 
2.8170638182 1.7601722298 
2.8170638182 1.7601722298 
2.8207194473 1.2818087709 
2.8170638182 1.7783080369 
2.8170638182 1.7783080369 
2.8226206924 1.2818087709 
2.8226206924 1.2818087709 
2.8230985411 1.6314971534 
2.8170638182 1.7783080369 
2.8170638182 1.7783080369 
2.8170638182 1.7783080369 
- 
1.6825954125 1.6793970033 
1.6825954125 1.6793970033 
1.6825954125 1.6793970033 
1.6825954125 1.6793970033 
1.6825954125 1.6976683745 
1.6825954125 1.6976683745 
1.6825954125 1.6976683745 
1.6825954125 1.6976683745 
1.7067138065 1.7477198979 
1.7067138065 1.7477198979 
1.7067138065 1.7477198979 
1.7067138065 1.7477198979 
2.8170638182 1.4268624337 
2.8170638182 1.7594293624 
2.8207194473 1.2818087709 
2.8207194473 1.6186425544 
2.8211972718 1.6326307734 
2.8211972718 1.6314971534 
2.8211972718 1.6314971534 
2.8211972718 1.6314971534 
- 
1.6825954125 1.6793970033 
1.6825954125 1.6793970033 
1.6825954125 1.6793970033 
1.6825954125 1.6793970033 
1.6825954125 1.6793970033 
1.6825954125 1.6793970033 
1.6825954125 1.6793970033 
1.6825954125 1.6793970033 
1.6825954125 1.6976683745 
1.6825954125 1.6976683745 
1.6825954125 1.6976683745 
1.6825954125 1.6976683745 
1.6825954125 1.6976683745 
1.6825954125 1.6976683745 
1.6825954125 1.6976683745 
1.6825954125 1.6976683745 
1.7067138065 1.7477198979 
1.7067138065 1.7477198979 
2.8170638182 1.4268624337 
2.8170638182 1.4268624337 
- 
1.6825954125 1.6793970033 
1.6825954125 1.6793970033 
1.6825954125 1.6793970033 
1.6825954125 1.6793970033 
1.6825954125 1.6793970033 
1.6825954125 1.6793970033 
1.6825954125 1.6793970033 
1.6825954125 1.6793970033 
1.6825954125 1.6793970033 
1.6825954125 1.6793970033 
1.6825954125 1.6793970033 
1.6825954125 1.6793970033 
1.6825954125 1.6793970033 
1.6825954125 1.6793970033 
1.6825954125 1.6793970033 
1.6825954125 1.6793970033 
1.6825954125 1.6976683745 
1.6825954125 1.6976683745 
1.6825954125 1.6976683745 
1.6825954125 1.6976683745 
- 
1.6825954125 1.6793970033 
1.6825954125 1.6793970033 
1.6825954125 1.6793970033 
1.6825954125 1.6793970033 
1.6825954125 1.6793970033 
1.6825954125 1.6793970033 
1.6825954125 1.6793970033 
1.6825954125 1.6793970033 
1.6825954125 1.6793970033 
1.6825954125 1.6793970033 
1.6825954125 1.6793970033 
1.6825954125 1.6793970033 
1.6825954125 1.6793970033 
1.6825954125 1.6793970033 
1.6825954125 1.6793970033 
1.6825954125 1.6793970033 
1.6825954125 1.6793970033 
1.6825954125 1.6793970033 
1.6825954125 1.6793970033 
1.6825954125 1.6793970033 
- 
1.6825954125 1.6793970033 
1.6825954125 1.6793970033 
1.6825954125 1.6793970033 
1.6825954125 1.6793970033 
1.6825954125 1.6793970033 
1.6825954125 1.6793970033 
1.6825954125 1.6793970033 
1.6825954125 1.6793970033 
1.6825954125 1.6793970033 
1.6825954125 1.6793970033 
1.6825954125 1.6793970033 
1.6825954125 1.6793970033 
1.6825954125 1.6793970033 
1.6825954125 1.6793970033 
1.6825954125 1.6793970033 
1.6825954125 1.6793970033 
1.6825954125 1.6793970033 
1.6825954125 1.6793970033 
1.6825954125 1.6793970033 
1.6825954125 1.6793970033 
- 
1.6825954100 1.6793970000 
1.6825954100 1.6793970000 
1.6825954100 1.6793970000 
1.6825954100 1.6793970000 
1.6825954100 1.6793970000 
1.6825954100 1.6793970000 
1.6825954100 1.6793970000 
1.6825954100 1.6793970000 
1.6825954100 1.6793970000 
1.6825954100 1.6793970000 
1.6825954100 1.6793970000 
1.6825954100 1.6793970000 
1.6825954100 1.6793970000 
1.6825954100 1.6793970000 
1.6825954100 1.6793970000 
1.6825954100 1.6793970000 
1.6825954100 1.6793970000 
1.6825954100 1.6793970000 
1.6825954100 1.6793970000 
1.6825954100 1.6793970000 
- 
1.6825954100 1.6793970000 
1.6825954100 1.6793970000 
1.6825954100 1.6793970000 
1.6825954100 1.6793970000 
1.6825954100 1.6793970000 
1.6825954100 1.6793970000 
1.6825954100 1.6793970000 
1.6825954100 1.6793970000 
1.6825954100 1.6793970000 
1.6825954100 1.6793970000 
1.6825954100 1.6793970000 
1.6825954100 1.6793970000 
1.6825954100 1.6793970000 
1.6825954100 1.6793970000 
1.6825954100 1.6793970000 
1.6825954100 1.6793970000 
1.6825954100 1.6793970000 
1.6825954100 1.6793970000 
1.6825954100 1.6793970000 
1.6825954100 1.6793970000 
- 
1.6825954100 1.6793970000 
1.6825954100 1.6793970000 
1.6825954100 1.6793970000 
1.6825954100 1.6793970000 
1.6825954100 1.6793970000 
1.6825954100 1.6793970000 
1.6825954100 1.6793970000 
1.6825954100 1.6793970000 
1.6825954100 1.6793970000 
1.6825954100 1.6793970000 
1.6825954100 1.6793970000 
1.6825954100 1.6793970000 
1.6825954100 1.6793970000 
1.6825954100 1.6793970000 
1.6825954100 1.6793970000 
1.6825954100 1.6793970000 
1.6825954100 1.6793970000 
1.6825954100 1.6793970000 
1.6825954100 1.6793970000 
1.6825954100 1.6793970000 
- 
1.6825954100 1.6793970000 
1.6825954100 1.6793970000 
1.6825954100 1.6793970000 
1.6825954100 1.6793970000 
1.6825954100 1.6793970000 
1.6825954100 1.6793970000 
1.6825954100 1.6793970000 
1.6825954100 1.6793970000 
1.6825954100 1.6793970000 
1.6825954100 1.6793970000 
1.6825954100 1.6793970000 
1.6825954100 1.6793970000 
1.6825954100 1.6793970000 
1.6825954100 1.6793970000 
1.6825954100 1.6793970000 
1.6825954100 1.6793970000 
1.6825954100 1.6793970000 
1.6825954100 1.6793970000 
1.6825954100 1.6793970000 
1.6825954100 1.6793970000 
- 
1.6825954100 1.6793970000 
1.6825954100 1.6793970000 
1.6825954100 1.6793970000 
1.6825954100 1.6793970000 
1.6825954100 1.6793970000 
1.6825954100 1.6793970000 
1.6825954100 1.6793970000 
1.6825954100 1.6793970000 
1.6825954100 1.6793970000 
1.6825954100 1.6793970000 
1.6825954100 1.6793970000 
1.6825954100 1.6793970000 
1.6825954100 1.6793970000 
1.6825954100 1.6793970000 
1.6825954100 1.6793970000 
1.6825954100 1.6793970000 
1.6825954100 1.6793970000 
1.6825954100 1.6793970000 
1.6825954100 1.6793970000 
1.6825954100 1.6793970000 
- 
1.6825954100 1.6793970000 
1.6825954100 1.6793970000 
1.6825954100 1.6793970000 
1.6825954100 1.6793970000 
1.6825954100 1.6793970000 
1.6825954100 1.6793970000 
1.6825954100 1.6793970000 
1.6825954100 1.6793970000 
1.6825954100 1.6793970000 
1.6825954100 1.6793970000 
1.6825954100 1.6793970000 
1.6825954100 1.6793970000 
1.6825954100 1.6793970000 
1.6825954100 1.6793970000 
1.6825954100 1.6793970000 
1.6825954100 1.6793970000 
1.6825954100 1.6793970000 
1.6825954100 1.6793970000 
1.6825954100 1.6793970000 
1.6825954100 1.6793970000 
- 
1.6825954100 1.6793970000 
1.6825954100 1.6793970000 
1.6825954100 1.6793970000 
1.6825954100 1.6793970000 
1.6825954100 1.6793970000 
1.6825954100 1.6793970000 
1.6825954100 1.6793970000 
1.6825954100 1.6793970000 
1.6825954100 1.6793970000 
1.6825954100 1.6793970000 
1.6825954100 1.6793970000 
1.6825954100 1.6793970000 
1.6825954100 1.6793970000 
1.6825954100 1.6793970000 
1.6825954100 1.6793970000 
1.6825954100 1.6793970000 
1.6825954100 1.6793970000 
1.6825954100 1.6793970000 
1.6825954100 1.6793970000 
1.6825954100 1.6793970000 
- 
1.6825954100 1.6793970000 
1.6825954100 1.6793970000 
1.6825954100 1.6793970000 
1.6825954100 1.6793970000 
1.6825954100 1.6793970000 
1.6825954100 1.6793970000 
1.6825954100 1.6793970000 
1.6825954100 1.6793970000 
1.6825954100 1.6793970000 
1.6825954100 1.6793970000 
1.6825954100 1.6793970000 
1.6825954100 1.6793970000 
1.6825954100 1.6793970000 
1.6825954100 1.6793970000 
1.6825954100 1.6793970000 
1.6825954100 1.6793970000 
1.6825954100 1.6793970000 
1.6825954100 1.6793970000 
1.6825954100 1.6793970000 
1.6825954100 1.6793970000 
- 
1.6825954100 1.6793970000 
1.6825954100 1.6793970000 
1.6825954100 1.6793970000 
1.6825954100 1.6793970000 
1.6825954100 1.6793970000 
1.6825954100 1.6793970000 
1.6825954100 1.6793970000 
1.6825954100 1.6793970000 
1.6825954100 1.6793970000 
1.6825954100 1.6793970000 
1.6825954100 1.6793970000 
1.6825954100 1.6793970000 
1.6825954100 1.6793970000 
1.6825954100 1.6793970000 
1.6825954100 1.6793970000 
1.6825954100 1.6793970000 
1.6825954100 1.6793970000 
1.6825954100 1.6793970000 
1.6825954100 1.6793970000 
1.6825954100 1.6793970000 
- 
1.6825954100 1.6793970000 
1.6825954100 1.6793970000 
1.6825954100 1.6793970000 
1.6825954100 1.6793970000 
1.6825954100 1.6793970000 
1.6825954100 1.6793970000 
1.6825954100 1.6793970000 
1.6825954100 1.6793970000 
1.6825954100 1.6793970000 
1.6825954100 1.6793970000 
1.6825954100 1.6793970000 
1.6825954100 1.6793970000 
1.6825954100 1.6793970000 
1.6825954100 1.6793970000 
1.6825954100 1.6793970000 
1.6825954100 1.6793970000 
1.6825954100 1.6793970000 
1.6825954100 1.6793970000 
1.6825954100 1.6793970000 
1.6825954100 1.6793970000 
- 
1.6825954100 1.6793970000 
1.6825954100 1.6793970000 
1.6825954100 1.6793970000 
1.6825954100 1.6793970000 
1.6825954100 1.6793970000 
1.6825954100 1.6793970000 
1.6825954100 1.6793970000 
1.6825954100 1.6793970000 
1.6825954100 1.6793970000 
1.6825954100 1.6793970000 
1.6825954100 1.6793970000 
1.6825954100 1.6793970000 
1.6825954100 1.6793970000 
1.6825954100 1.6793970000 
1.6825954100 1.6793970000 
1.6825954100 1.6793970000 
1.6825954100 1.6793970000 
1.6825954100 1.6793970000 
1.6825954100 1.6793970000 
1.6825954100 1.6793970000 
- 
1.6825954100 1.6793970000 
1.6825954100 1.6793970000 
1.6825954100 1.6793970000 
1.6825954100 1.6793970000 
1.6825954100 1.6793970000 
1.6825954100 1.6793970000 
1.6825954100 1.6793970000 
1.6825954100 1.6793970000 
1.6825954100 1.6793970000 
1.6825954100 1.6793970000 
1.6825954100 1.6793970000 
1.6825954100 1.6793970000 
1.6825954100 1.6793970000 
1.6825954100 1.6793970000 
1.6825954100 1.6793970000 
1.6825954100 1.6793970000 
1.6825954100 1.6793970000 
1.6825954100 1.6793970000 
1.6825954100 1.6793970000 
1.6825954100 1.6793970000 
- 
1.6825954100 1.6793970000 
1.6825954100 1.6793970000 
1.6825954100 1.6793970000 
1.6825954100 1.6793970000 
1.6825954100 1.6793970000 
1.6825954100 1.6793970000 
1.6825954100 1.6793970000 
1.6825954100 1.6793970000 
1.6825954100 1.6793970000 
1.6825954100 1.6793970000 
1.6825954100 1.6793970000 
1.6825954100 1.6793970000 
1.6825954100 1.6793970000 
1.6825954100 1.6793970000 
1.6825954100 1.6793970000 
1.6825954100 1.6793970000 
1.6825954100 1.6793970000 
1.6825954100 1.6793970000 
1.6825954100 1.6793970000 
1.6825954100 1.6793970000 
- 
1.6825954100 1.6793970000 
1.6825954100 1.6793970000 
1.6825954100 1.6793970000 
1.6825954100 1.6793970000 
1.6825954100 1.6793970000 
1.6825954100 1.6793970000 
1.6825954100 1.6793970000 
1.6825954100 1.6793970000 
1.6825954100 1.6793970000 
1.6825954100 1.6793970000 
1.6825954100 1.6793970000 
1.6825954100 1.6793970000 
1.6825954100 1.6793970000 
1.6825954100 1.6793970000 
1.6825954100 1.6793970000 
1.6825954100 1.6793970000 
1.6825954100 1.6793970000 
1.6825954100 1.6793970000 
1.6825954100 1.6793970000 
1.6825954100 1.6793970000 
- 
1.6825954100 1.6793970000 
1.6825954100 1.6793970000 
1.6825954100 1.6793970000 
1.6825954100 1.6793970000 
1.6825954100 1.6793970000 
1.6825954100 1.6793970000 
1.6825954100 1.6793970000 
1.6825954100 1.6793970000 
1.6825954100 1.6793970000 
1.6825954100 1.6793970000 
1.6825954100 1.6793970000 
1.6825954100 1.6793970000 
1.6825954100 1.6793970000 
1.6825954100 1.6793970000 
1.6825954100 1.6793970000 
1.6825954100 1.6793970000 
1.6825954100 1.6793970000 
1.6825954100 1.6793970000 
1.6825954100 1.6793970000 
1.6825954100 1.6793970000 
- 
1.6825954100 1.6793970000 
1.6825954100 1.6793970000 
1.6825954100 1.6793970000 
1.6825954100 1.6793970000 
1.6825954100 1.6793970000 
1.6825954100 1.6793970000 
1.6825954100 1.6793970000 
1.6825954100 1.6793970000 
1.6825954100 1.6793970000 
1.6825954100 1.6793970000 
1.6825954100 1.6793970000 
1.6825954100 1.6793970000 
1.6825954100 1.6793970000 
1.6825954100 1.6793970000 
1.6825954100 1.6793970000 
1.6825954100 1.6793970000 
1.6825954100 1.6793970000 
1.6825954100 1.6793970000 
1.6825954100 1.6793970000 
1.6825954100 1.6793970000 
- 
1.6825954100 1.6793970000 
1.6825954100 1.6793970000 
1.6825954100 1.6793970000 
1.6825954100 1.6793970000 
1.6825954100 1.6793970000 
1.6825954100 1.6793970000 
1.6825954100 1.6793970000 
1.6825954100 1.6793970000 
1.6825954100 1.6793970000 
1.6825954100 1.6793970000 
1.6825954100 1.6793970000 
1.6825954100 1.6793970000 
1.6825954100 1.6793970000 
1.6825954100 1.6793970000 
1.6825954100 1.6793970000 
1.6825954100 1.6793970000 
1.6825954100 1.6793970000 
1.6825954100 1.6793970000 
1.6825954100 1.6793970000 
1.6825954100 1.6793970000 
- 
1.6825954100 1.6793970000 
1.6825954100 1.6793970000 
1.6825954100 1.6793970000 
1.6825954100 1.6793970000 
1.6825954100 1.6793970000 
1.6825954100 1.6793970000 
1.6825954100 1.6793970000 
1.6825954100 1.6793970000 
1.6825954100 1.6793970000 
1.6825954100 1.6793970000 
1.6825954100 1.6793970000 
1.6825954100 1.6793970000 
1.6825954100 1.6793970000 
1.6825954100 1.6793970000 
1.6825954100 1.6793970000 
1.6825954100 1.6793970000 
1.6825954100 1.6793970000 
1.6825954100 1.6793970000 
1.6825954100 1.6793970000 
1.6825954100 1.6793970000 
- 
1.6825954100 1.6793970000 
1.6825954100 1.6793970000 
1.6825954100 1.6793970000 
1.6825954100 1.6793970000 
1.6825954100 1.6793970000 
1.6825954100 1.6793970000 
1.6825954100 1.6793970000 
1.6825954100 1.6793970000 
1.6825954100 1.6793970000 
1.6825954100 1.6793970000 
1.6825954100 1.6793970000 
1.6825954100 1.6793970000 
1.6825954100 1.6793970000 
1.6825954100 1.6793970000 
1.6825954100 1.6793970000 
1.6825954100 1.6793970000 
1.6825954100 1.6793970000 
1.6825954100 1.6793970000 
1.6825954100 1.6793970000 
1.6825954100 1.6793970000 
- 
1.6825954100 1.6793970000 
1.6825954100 1.6793970000 
1.6825954100 1.6793970000 
1.6825954100 1.6793970000 
1.6825954100 1.6793970000 
1.6825954100 1.6793970000 
1.6825954100 1.6793970000 
1.6825954100 1.6793970000 
1.6825954100 1.6793970000 
1.6825954100 1.6793970000 
1.6825954100 1.6793970000 
1.6825954100 1.6793970000 
1.6825954100 1.6793970000 
1.6825954100 1.6793970000 
1.6825954100 1.6793970000 
1.6825954100 1.6793970000 
1.6825954100 1.6793970000 
1.6825954100 1.6793970000 
1.6825954100 1.6793970000 
1.6825954100 1.6793970000 
- 
1.6825954100 1.6793970000 
1.6825954100 1.6793970000 
1.6825954100 1.6793970000 
1.6825954100 1.6793970000 
1.6825954100 1.6793970000 
1.6825954100 1.6793970000 
1.6825954100 1.6793970000 
1.6825954100 1.6793970000 
1.6825954100 1.6793970000 
1.6825954100 1.6793970000 
1.6825954100 1.6793970000 
1.6825954100 1.6793970000 
1.6825954100 1.6793970000 
1.6825954100 1.6793970000 
1.6825954100 1.6793970000 
1.6825954100 1.6793970000 
1.6825954100 1.6793970000 
1.6825954100 1.6793970000 
1.6825954100 1.6793970000 
1.6825954100 1.6793970000 
- 
1.6825954100 1.6793970000 
1.6825954100 1.6793970000 
1.6825954100 1.6793970000 
1.6825954100 1.6793970000 
1.6825954100 1.6793970000 
1.6825954100 1.6793970000 
1.6825954100 1.6793970000 
1.6825954100 1.6793970000 
1.6825954100 1.6793970000 
1.6825954100 1.6793970000 
1.6825954100 1.6793970000 
1.6825954100 1.6793970000 
1.6825954100 1.6793970000 
1.6825954100 1.6793970000 
1.6825954100 1.6793970000 
1.6825954100 1.6793970000 
1.6825954100 1.6793970000 
1.6825954100 1.6793970000 
1.6825954100 1.6793970000 
1.6825954100 1.6793970000 
- 
1.6825954100 1.6793970000 
1.6825954100 1.6793970000 
1.6825954100 1.6793970000 
1.6825954100 1.6793970000 
1.6825954100 1.6793970000 
1.6825954100 1.6793970000 
1.6825954100 1.6793970000 
1.6825954100 1.6793970000 
1.6825954100 1.6793970000 
1.6825954100 1.6793970000 
1.6825954100 1.6793970000 
1.6825954100 1.6793970000 
1.6825954100 1.6793970000 
1.6825954100 1.6793970000 
1.6825954100 1.6793970000 
1.6825954100 1.6793970000 
1.6825954100 1.6793970000 
1.6825954100 1.6793970000 
1.6825954100 1.6793970000 
1.6825954100 1.6793970000 
- 
1.6825954100 1.6793970000 
1.6825954100 1.6793970000 
1.6825954100 1.6793970000 
1.6825954100 1.6793970000 
1.6825954100 1.6793970000 
1.6825954100 1.6793970000 
1.6825954100 1.6793970000 
1.6825954100 1.6793970000 
1.6825954100 1.6793970000 
1.6825954100 1.6793970000 
1.6825954100 1.6793970000 
1.6825954100 1.6793970000 
1.6825954100 1.6793970000 
1.6825954100 1.6793970000 
1.6825954100 1.6793970000 
1.6825954100 1.6793970000 
1.6825954100 1.6793970000 
1.6825954100 1.6793970000 
1.6825954100 1.6793970000 
1.6825954100 1.6793970000 
- 
