    ITER   EVALS
       0       0
       1    1440
       2    2880
       3    4320
       4    5760
       5    7128
       6    8568
       7    9720
       8   11160
       9   12456
      10   13752
      11   14904
      12   16056
      13   17496
      14   18792
      15   20088
      16   21384
      17   22680
      18   24120
      19   25416
      20   26856
      21   27936
      22   29376
      23   30672
      24   32112
      25   33552
      26   34848
      27   36144
      28   37440
      29   38592
      30   39888
      31   41328
      32   42624
      33   43920
      34   45288
      35   46440
      36   47736
      37   49176
      38   50184
