1071.9553891706 247.0536013122 
683.0846888727 266.1907421666 
1533.0153498256 297.7396616117 
1749.0226913623 328.5915252772 
1875.6480602797 371.5081189270 
1717.3994036346 303.5861075727 
854.4146394972 198.1281233005 
2095.2605211820 411.7139266819 
1784.7472912001 317.1990039900 
2045.8442221138 350.3947390492 
2160.3300830436 396.9281177422 
1159.3930155296 181.3125129399 
1342.6163420520 227.0576369849 
1278.5130376662 233.9092796879 
1269.6909647042 293.1083975098 
923.9059116241 138.9709425825 
1415.9568018536 361.4829363714 
510.0514713073 63.2896306316 
2224.1108040480 387.1796072128 
920.2764348436 151.4130535984 
- 
510.0514713073 63.2896306316 
510.0514713073 63.2896306316 
683.0846888727 266.1907421666 
923.9059116241 138.9709425825 
923.9059116241 138.9709425825 
920.2764348436 151.4130535984 
920.2764348436 151.4130535984 
713.2212327519 264.9406787819 
762.2955835496 157.0047932923 
854.4146394972 198.1281233005 
1159.3930155296 181.3125129399 
996.3613440920 209.0886925503 
1321.7229327369 203.3191544906 
1071.9553891706 247.0536013122 
1211.3162561487 231.0558708081 
1266.2569010006 224.4095886729 
1342.6163420520 227.0576369849 
1269.6909647042 293.1083975098 
1269.6909647042 293.1083975098 
1278.5130376662 233.9092796879 
- 
510.0514713073 63.2896306316 
510.0514713073 63.2896306316 
510.0514713073 63.2896306316 
510.0514713073 63.2896306316 
762.2955835496 157.0047932923 
833.1990572914 117.2332656004 
632.0123152885 167.1638831738 
923.9059116241 138.9709425825 
923.9059116241 138.9709425825 
920.2764348436 151.4130535984 
920.2764348436 151.4130535984 
713.2212327519 264.9406787819 
678.6214503300 265.8259031847 
825.3341507637 170.8978610060 
789.5229179363 184.4087092122 
991.4362420115 154.1898687249 
683.0846888727 266.1907421666 
854.4146394972 198.1281233005 
1038.9785306672 174.9163431570 
996.3613440920 209.0886925503 
- 
447.0772320164 62.1431519501 
510.0514713073 63.2896306316 
510.0514713073 63.2896306316 
510.0514713073 63.2896306316 
510.0514713073 63.2896306316 
510.0514713073 63.2896306316 
510.0514713073 63.2896306316 
510.0514713073 63.2896306316 
510.0514713073 63.2896306316 
606.9008581861 124.9922746701 
685.8882113482 88.6817179151 
632.0123152885 167.1638831738 
664.5311321947 153.6784231064 
833.1990572914 117.2332656004 
736.5861567629 150.3778316996 
761.4615458355 131.6937236445 
678.6214503300 265.8259031847 
923.9059116241 138.9709425825 
923.9059116241 138.9709425825 
710.4908436795 183.8612799012 
- 
447.0772320164 62.1431519501 
470.9118438063 60.3699847720 
508.6292409500 63.2043701723 
510.0514713073 63.2896306316 
510.0514713073 63.2896306316 
510.0514713073 63.2896306316 
510.0514713073 63.2896306316 
510.0514713073 63.2896306316 
510.0514713073 63.2896306316 
510.0514713073 63.2896306316 
510.0514713073 63.2896306316 
510.0514713073 63.2896306316 
510.0514713073 63.2896306316 
510.0514713073 63.2896306316 
510.0514713073 63.2896306316 
510.0514713073 63.2896306316 
510.0514713073 63.2896306316 
550.1039392213 63.4372255345 
603.8027869013 85.3314087770 
606.9008581861 124.9922746701 
- 
447.0772320164 62.1431519501 
455.5884521205 56.4343497281 
470.9118438063 60.3699847720 
464.0838459769 64.1562135996 
481.2656828430 60.3026673793 
502.4291768687 61.9074227527 
508.6292409500 63.2043701723 
510.0514713073 63.2896306316 
510.0514713073 63.2896306316 
510.0514713073 63.2896306316 
510.0514713073 63.2896306316 
510.0514713073 63.2896306316 
510.0514713073 63.2896306316 
510.0514713073 63.2896306316 
510.0514713073 63.2896306316 
510.0514713073 63.2896306316 
510.0514713073 63.2896306316 
510.0514713073 63.2896306316 
510.0514713073 63.2896306316 
510.0514713073 63.2896306316 
- 
455.5884521205 56.4343497281 
451.0176259540 58.2665542833 
419.0962356107 60.6217625974 
470.9118438063 60.3699847720 
481.2656828430 60.3026673793 
447.0772320164 62.1431519501 
451.8393326654 61.0598185635 
484.9214823499 60.6806742448 
464.0838459769 64.1562135996 
490.5109253063 60.7764851222 
499.0125585146 61.5044565574 
502.4291768687 61.9074227527 
508.6292409500 63.2043701723 
508.0638537796 67.3880986316 
510.0514713073 63.2896306316 
510.0514713073 63.2896306316 
510.0514713073 63.2896306316 
510.0514713073 63.2896306316 
510.0514713073 63.2896306316 
510.0514713073 63.2896306316 
- 
419.0962356107 60.6217625974 
445.7318272504 56.0255671856 
427.2017468798 61.1357850234 
455.5884521205 56.4343497281 
451.0176259540 58.2665542833 
451.0176259540 58.2665542833 
436.9584911911 61.7351223740 
470.9118438063 60.3699847720 
451.8393326654 61.0598185635 
477.0629819354 59.2120829830 
447.0772320164 62.1431519501 
481.2656828430 60.3026673793 
464.0838459769 64.1562135996 
465.6330689062 63.1053549231 
484.9214823499 60.6806742448 
490.5109253063 60.7764851222 
499.0125585146 61.5044565574 
496.7979473351 62.9677499213 
499.5215502881 61.5677188643 
501.9196000014 61.8427948615 
- 
419.0962356107 60.6217625974 
421.7804830984 50.0292476727 
427.2017468798 61.1357850234 
442.3533463102 51.3495640312 
435.0986942137 59.5194690968 
445.7318272504 56.0255671856 
436.9584911911 61.7351223740 
436.9584911911 61.7351223740 
455.5884521205 56.4343497281 
451.0176259540 58.2665542833 
451.0176259540 58.2665542833 
451.0176259540 58.2665542833 
451.0176259540 58.2665542833 
447.0772320164 62.1431519501 
470.9118438063 60.3699847720 
470.9118438063 60.3699847720 
451.8393326654 61.0598185635 
473.5933039869 59.0691504820 
453.4383236158 62.7841798822 
477.0629819354 59.2120829830 
- 
421.7804830984 50.0292476727 
410.1325598139 60.1375560884 
431.4028038945 51.7188253424 
436.4807146401 50.6907669532 
419.0962356107 60.6217625974 
435.0986942137 59.5194690968 
435.4364486859 56.2796283476 
442.3533463102 51.3495640312 
427.2017468798 61.1357850234 
440.3227871136 58.8984809664 
445.7318272504 56.0255671856 
458.9003150048 55.7812048570 
456.5231788188 55.8370618203 
433.4937834925 61.5102550345 
468.1495992762 55.8258724528 
436.9584911911 61.7351223740 
436.9584911911 61.7351223740 
447.4098603031 58.6391753998 
455.5884521205 56.4343497281 
451.0176259540 58.2665542833 
- 
421.7804830984 50.0292476727 
410.1325598139 60.1375560884 
425.7112409437 48.3370270144 
422.3547587805 55.9402423312 
414.1993538426 62.7806059094 
416.4673685228 60.4593691171 
431.4028038945 51.7188253424 
431.4028038945 51.7188253424 
436.4807146401 50.6907669532 
436.4807146401 50.6907669532 
444.5326254624 50.1022189973 
424.3314186401 59.9813559218 
419.0962356107 60.6217625974 
419.0962356107 60.6217625974 
431.7263743337 55.0619855217 
442.3533463102 51.3495640312 
427.2017468798 61.1357850234 
444.6036315611 52.2352217343 
435.4364486859 56.2796283476 
435.0986942137 59.5194690968 
- 
406.1159118912 59.8937235568 
410.6258351429 47.0692108960 
406.2718295649 59.6061998546 
421.7804830984 50.0292476727 
425.7112409437 48.3370270144 
410.1325598139 60.1375560884 
422.3547587805 55.9402423312 
425.5892732142 54.5938577508 
436.4807146401 50.6907669532 
436.4807146401 50.6907669532 
436.4807146401 50.6907669532 
436.4807146401 50.6907669532 
427.4236441274 50.8984350330 
438.3913572401 49.5084834306 
414.1993538426 62.7806059094 
416.4673685228 60.4593691171 
444.5326254624 50.1022189973 
419.0962356107 60.6217625974 
419.0962356107 60.6217625974 
431.4028038945 51.7188253424 
- 
406.1159118912 59.8937235568 
406.2718295649 59.6061998546 
409.8996193441 47.0145401374 
408.4008519771 56.8580026245 
408.2200772772 60.0043292808 
410.6258351429 47.0692108960 
410.1325598139 60.1375560884 
410.0985033231 60.1674464782 
421.7804830984 50.0292476727 
415.4262223113 50.7681589972 
423.9804727111 47.9268746013 
410.8335025776 61.0182603809 
415.9781968490 54.8851991148 
425.7112409437 48.3370270144 
425.5892732142 54.5938577508 
414.1993538426 62.7806059094 
438.3913572401 49.5084834306 
422.3547587805 55.9402423312 
427.4236441274 50.8984350330 
416.4673685228 60.4593691171 
- 
409.8996193441 47.0145401374 
402.4909197141 56.6875255076 
410.6258351429 47.0692108960 
410.6258351429 47.0692108960 
410.3597962660 55.8128710614 
406.1159118912 59.8937235568 
406.1159118912 59.8937235568 
406.2718295649 59.6061998546 
406.2718295649 59.6061998546 
408.4008519771 56.8580026245 
415.4262223113 50.7681589972 
417.2554839301 47.2208160917 
415.0386192849 53.9266167780 
407.2816806518 59.9857380383 
417.7085368594 48.7463545768 
422.2409740596 47.7486436293 
415.9781968490 54.8851991148 
408.2200772772 60.0043292808 
408.2200772772 60.0043292808 
423.9804727111 47.9268746013 
- 
333.1161428988 46.1453805076 
409.8996193441 47.0145401374 
402.4909197141 56.6875255076 
405.6390634602 50.1616837708 
401.3597064094 59.3566969068 
410.6258351429 47.0692108960 
410.6258351429 47.0692108960 
410.6258351429 47.0692108960 
410.6258351429 47.0692108960 
410.3597962660 55.8128710614 
408.4008519771 56.8580026245 
406.2718295649 59.6061998546 
406.2718295649 59.6061998546 
406.2718295649 59.6061998546 
404.3632254874 59.9662582211 
405.2699431741 59.8505146742 
417.2554839301 47.2208160917 
406.0114512054 59.8883006555 
410.6263655472 55.8308537519 
413.4842127504 52.1303249484 
- 
333.1161428988 46.1453805076 
344.5334780271 42.1067029514 
409.8996193441 47.0145401374 
389.7769625516 47.8161941707 
410.6258351429 47.0692108960 
410.6258351429 47.0692108960 
410.6258351429 47.0692108960 
410.6258351429 47.0692108960 
410.6258351429 47.0692108960 
410.6258351429 47.0692108960 
405.6390634602 50.1616837708 
402.0283632663 52.2215230979 
395.2339177680 53.4994750064 
390.1536226567 54.1240908887 
410.6626857334 47.0735333710 
396.4993744706 59.7126467984 
410.3255424901 55.8099191436 
402.4909197141 56.6875255076 
401.3597064094 59.3566969068 
408.8243006545 56.3107380235 
- 
331.8199404954 42.0417359688 
333.1161428988 46.1453805076 
344.5334780271 42.1067029514 
345.7032017722 47.5029279572 
392.1556524691 45.7261644577 
389.7769625516 47.8161941707 
409.8996193441 47.0145401374 
390.1536226567 54.1240908887 
410.6258351429 47.0692108960 
410.6258351429 47.0692108960 
405.0377664030 49.8680344355 
402.0283632663 52.2215230979 
395.2339177680 53.4994750064 
392.3984076511 53.6729191922 
410.6258351429 47.0692108960 
410.6258351429 47.0692108960 
410.6258351429 47.0692108960 
410.6258351429 47.0692108960 
410.6258351429 47.0692108960 
410.6258351429 47.0692108960 
- 
331.8199404954 42.0417359688 
328.3006039989 46.2524345326 
343.9828150652 42.0398971640 
333.1161428988 46.1453805076 
336.7563804209 42.8298441849 
344.5334780271 42.1067029514 
392.1556524691 45.7261644577 
345.5624403530 47.4910944619 
392.0836323990 45.7520158123 
345.7032017722 47.5029279572 
409.8996193441 47.0145401374 
386.8010120180 60.8712054772 
410.6258351429 47.0692108960 
410.6258351429 47.0692108960 
389.7769625516 47.8161941707 
410.6258351429 47.0692108960 
410.6258351429 47.0692108960 
410.6258351429 47.0692108960 
410.6258351429 47.0692108960 
410.6258351429 47.0692108960 
- 
328.3006039989 46.2524345326 
326.8874502157 46.5734130297 
328.9400192974 41.3127759297 
331.8199404954 42.0417359688 
334.7872187077 41.5677523511 
333.1161428988 46.1453805076 
343.9828150652 42.0398971640 
335.8015315368 42.5579839268 
344.5334780271 42.1067029514 
336.7563804209 42.8298441849 
346.2040028199 42.2124013638 
337.1118993027 45.9463438993 
392.1556524691 45.7261644577 
392.1556524691 45.7261644577 
392.0836323990 45.7520158123 
345.5624403530 47.4910944619 
345.5624403530 47.4910944619 
401.5099314180 46.3680519601 
345.7032017722 47.5029279572 
407.9791657059 46.8979620782 
- 
340.8865445067 40.8524016344 
280.0760564057 40.9000086906 
328.3006039989 46.2524345326 
326.8874502157 46.5734130297 
328.9400192974 41.3127759297 
328.0107308676 46.3255345497 
327.2324639741 46.6204630496 
329.6819797942 41.4810611788 
331.4420831758 41.6313938874 
334.7751599335 41.5653800254 
331.8199404954 42.0417359688 
334.0894870822 41.7321613133 
334.7872187077 41.5677523511 
333.1161428988 46.1453805076 
333.2725027963 46.0756931614 
343.9828150652 42.0398971640 
335.8015315368 42.5579839268 
344.5334780271 42.1067029514 
344.5334780271 42.1067029514 
336.7563804209 42.8298441849 
- 
280.0760564057 40.9000086906 
337.7747501394 40.2562906324 
283.7668580005 41.0923273660 
340.8865445067 40.8524016344 
328.9400192974 41.3127759297 
328.6054988040 45.7976416349 
322.3209014083 46.2093627656 
329.6819797942 41.4810611788 
329.6048613688 42.0936737776 
329.4280177979 45.0355488558 
332.5657352203 41.4541595572 
328.3006039989 46.2524345326 
326.8874502157 46.5734130297 
328.0107308676 46.3255345497 
326.4068477652 47.0204839346 
331.4420831758 41.6313938874 
334.7751599335 41.5653800254 
327.2324639741 46.6204630496 
331.8199404954 42.0417359688 
331.8199404954 42.0417359688 
- 
280.0760564057 40.9000086906 
297.6066920967 38.3965146174 
284.6074847918 40.6357175820 
283.7668580005 41.0923273660 
316.6623755874 39.6560983667 
328.9400192974 41.3127759297 
322.3209014083 46.2093627656 
324.0281542346 42.4605805275 
333.3600225630 40.0509603645 
329.6819797942 41.4810611788 
329.6048613688 42.0936737776 
332.1888680498 41.4340341070 
326.4068477652 47.0204839346 
326.4068477652 47.0204839346 
326.5326468148 44.6574152613 
324.4905092938 49.5561723927 
337.7747501394 40.2562906324 
335.2417300346 41.2833551527 
326.5851039203 45.9109616991 
340.8865445067 40.8524016344 
- 
297.6066920967 38.3965146174 
284.6074847918 40.6357175820 
280.0715084940 40.8998073593 
300.0693368769 38.2150045128 
297.6112071886 38.3966624803 
284.7916668531 40.6418941234 
280.0760564057 40.9000086906 
316.6623755874 39.6560983667 
283.5855367133 41.0796321628 
330.6871283232 40.2500308336 
332.4395229085 39.9144102058 
283.7668580005 41.0923273660 
333.3600225630 40.0509603645 
314.6971997126 41.2133237138 
337.7747501394 40.2562906324 
322.3209014083 46.2093627656 
322.3209014083 46.2093627656 
324.0281542346 42.4605805275 
328.9400192974 41.3127759297 
335.2417300346 41.2833551527 
- 
297.6066920967 38.3965146174 
280.0715084940 40.8998073593 
300.0693368769 38.2150045128 
273.6406671963 41.5058833290 
283.8934127211 40.5710779848 
293.4335336985 39.2097099606 
297.6112071886 38.3966624803 
280.0760564057 40.9000086906 
300.5890526559 38.3397765633 
284.6074847918 40.6357175820 
298.6639128539 38.5036020570 
297.6152060654 38.7733985497 
283.5855367133 41.0796321628 
283.5855367133 41.0796321628 
281.9774531463 41.7130292830 
280.2910499565 41.9756695391 
284.7916668531 40.6418941234 
319.4592795351 39.3201557576 
283.7668580005 41.0923273660 
316.6623755874 39.6560983667 
- 
297.6066920967 38.3965146174 
297.6066920967 38.3965146174 
280.0715084940 40.8998073593 
280.0715084940 40.8998073593 
300.0693368769 38.2150045128 
273.6406671963 41.5058833290 
283.8934127211 40.5710779848 
293.4335336985 39.2097099606 
295.4614202048 38.5711981844 
268.4595149789 44.5841465525 
300.5890526559 38.3397765633 
300.5890526559 38.3397765633 
277.6362535796 41.6182391692 
296.3966929072 38.8101803506 
284.6074847918 40.6357175820 
284.6074847918 40.6357175820 
280.0760564057 40.9000086906 
297.6112071886 38.3966624803 
280.0760564057 40.9000086906 
297.6112071886 38.3966624803 
- 
297.6066920967 38.3965146174 
297.6066920967 38.3965146174 
297.6066920967 38.3965146174 
297.6066920967 38.3965146174 
280.0715084940 40.8998073593 
280.0715084940 40.8998073593 
280.0715084940 40.8998073593 
280.0715084940 40.8998073593 
300.0693368769 38.2150045128 
273.6406671963 41.5058833290 
295.4614202048 38.5711981844 
268.4595149789 44.5841465525 
281.5171422267 40.4365926680 
277.9351137217 41.3716646242 
279.3302287627 41.1678202161 
285.5603346737 40.0822723211 
292.3596530013 38.7688775098 
286.5957494506 39.9512467161 
291.2747273866 38.9032668528 
300.5890526559 38.3397765633 
- 
300.0693368769 38.2150045128 
268.4595149789 44.5841465525 
273.5419597716 41.4514606833 
269.2375243424 44.4860552198 
286.1258911996 39.6292855651 
291.2747273866 38.9032668528 
281.5171422267 40.4365926680 
284.8610238513 40.0598061826 
275.4775782954 41.1705363465 
279.3302287627 41.1678202161 
295.4614202048 38.5711981844 
292.3596530013 38.7688775098 
294.6307745792 38.7206110230 
297.6066920967 38.3965146174 
297.6066920967 38.3965146174 
280.0715084940 40.8998073593 
280.0715084940 40.8998073593 
297.6066920967 38.3965146174 
297.6066920967 38.3965146174 
297.6066920967 38.3965146174 
- 
300.0693368769 38.2150045128 
300.0693368769 38.2150045128 
268.4595149789 44.5841465525 
268.4595149789 44.5841465525 
273.5419597716 41.4514606833 
269.2375243424 44.4860552198 
288.8036614573 39.2868032298 
286.1258911996 39.6292855651 
281.5171422267 40.4365926680 
291.2747273866 38.9032668528 
284.8610238513 40.0598061826 
273.5419597716 41.4514606833 
275.4775782954 41.1705363465 
283.1154472739 40.2097187720 
279.3302287627 41.1678202161 
269.2375243424 44.4860552198 
294.7713672415 38.5414950707 
292.3596530013 38.7688775098 
297.7388966741 38.3643488830 
294.6307745792 38.7206110230 
- 
300.0693368769 38.2150045128 
300.0693368769 38.2150045128 
266.5360252485 44.3956578062 
273.4634194877 41.4483738533 
286.0954632389 39.6281472479 
282.1914094725 40.0503662741 
281.5171422267 40.4365926680 
279.3302287627 41.1678202161 
275.4775782954 41.1705363465 
288.8036614573 39.2868032298 
294.7713672415 38.5414950707 
290.4576010865 39.2172883384 
297.7388966741 38.3643488830 
291.2747273866 38.9032668528 
293.0736225559 38.6313310061 
292.3596530013 38.7688775098 
298.1329037050 38.3264668685 
279.3302287627 41.1678202161 
300.0693368769 38.2150045128 
300.0693368769 38.2150045128 
- 
300.0693368769 38.2150045128 
300.0693368769 38.2150045128 
258.2045154469 44.5696950198 
261.1940911545 44.2022933224 
273.4634194877 41.4483738533 
279.3302287627 41.1678202161 
288.8036614573 39.2868032298 
275.4775782954 41.1705363465 
281.5116754728 40.5441517976 
282.1914094725 40.0503662741 
286.0954632389 39.6281472479 
286.0954632389 39.6281472479 
290.2357187138 39.0654341304 
297.7388966741 38.3643488830 
294.7713672415 38.5414950707 
291.2747273866 38.9032668528 
281.5171422267 40.4365926680 
282.1914094725 40.0503662741 
298.9162188666 38.3183828296 
294.6847142513 38.5562353860 
- 
258.2045154469 44.5696950198 
302.1662726544 38.0456471776 
261.1940911545 44.2022933224 
273.4634194877 41.4483738533 
273.4634194877 41.4483738533 
279.3302287627 41.1678202161 
282.8402399029 39.8751994532 
280.8826510632 40.6822199509 
294.6847142513 38.5562353860 
275.4775782954 41.1705363465 
286.0954632389 39.6281472479 
291.2747273866 38.9032668528 
286.0954632389 39.6281472479 
259.6632427496 44.4939996385 
288.8036614573 39.2868032298 
297.7359401760 38.3650411413 
288.8036614573 39.2868032298 
260.2283924902 44.2324339369 
291.2747273866 38.9032668528 
298.9162188666 38.3183828296 
- 
302.1662726544 38.0456471776 
302.1662726544 38.0456471776 
273.4634194877 41.4483738533 
273.4634194877 41.4483738533 
282.8402399029 39.8751994532 
294.6847142513 38.5562353860 
288.8036614573 39.2868032298 
288.8036614573 39.2868032298 
297.7359401760 38.3650411413 
298.9162188666 38.3183828296 
275.0102360142 40.7371058170 
280.0253055868 40.6223161233 
280.1083241858 40.5561402897 
299.3109500706 38.3047638480 
284.5453415660 39.5684004855 
252.3181720551 44.0376399491 
291.2675264482 38.9031088403 
298.9237515258 38.3182419261 
258.2045154469 44.5696950198 
258.2045154469 44.5696950198 
- 
302.1662726544 38.0456471776 
302.1662726544 38.0456471776 
252.3181720551 44.0376399491 
273.4634194877 41.4483738533 
273.4634194877 41.4483738533 
282.8402399029 39.8751994532 
294.6847142513 38.5562353860 
275.0102360142 40.7371058170 
284.5453415660 39.5684004855 
280.2466294775 40.5301140049 
291.2675264482 38.9031088403 
297.7359401760 38.3650411413 
289.6050844318 39.1222378351 
288.8036614573 39.2868032298 
280.0253055868 40.6223161233 
300.6186191037 38.2555678948 
291.2577685956 38.9032805355 
288.8036614573 39.2868032298 
275.0102360142 40.7371058170 
299.3109500706 38.3047638480 
- 
302.1662726544 38.0456471776 
302.1662726544 38.0456471776 
252.3181720551 44.0376399491 
268.2752155271 42.4907245908 
273.4634194877 41.4483738533 
284.5453415660 39.5684004855 
273.4634194877 41.4483738533 
280.2466294775 40.5301140049 
280.9210063718 40.0904978894 
282.8402399029 39.8751994532 
290.4369156835 38.8270057262 
275.2775717525 40.5511224161 
293.4136947880 38.6584076451 
275.0102360142 40.7371058170 
297.7359401760 38.3650411413 
289.6050844318 39.1222378351 
295.6796423557 38.5269627986 
288.8036614573 39.2868032298 
299.3109500706 38.3047638480 
294.6847142513 38.5562353860 
- 
302.1662726544 38.0456471776 
302.1662726544 38.0456471776 
252.3181720551 44.0376399491 
268.0776484022 42.6422781009 
252.6152070292 43.9714531906 
272.5622116540 41.2450735902 
268.2752155271 42.4907245908 
284.5453415660 39.5684004855 
279.6101074101 40.4995824230 
275.0102360142 40.7371058170 
290.4369156835 38.8270057262 
288.7439641627 39.3422426603 
275.2775717525 40.5511224161 
293.4136947880 38.6584076451 
289.6050844318 39.1222378351 
280.9210063718 40.0904978894 
297.7359401760 38.3650411413 
282.8402399029 39.8751994532 
299.3109500706 38.3047638480 
282.8402399029 39.8751994532 
- 
302.1662726544 38.0456471776 
302.1662726544 38.0456471776 
252.3181720551 44.0376399491 
266.2814497667 42.1724638369 
252.6152070292 43.9714531906 
270.9316161338 41.4587676662 
272.5622116540 41.2450735902 
279.6101074101 40.4995824230 
274.9911663320 40.7362529531 
280.9210063718 40.0904978894 
293.4136947880 38.6584076451 
299.3109500706 38.3047638480 
284.5453415660 39.5684004855 
296.2103944909 38.5486809666 
275.2775717525 40.5511224161 
288.7439641627 39.3422426603 
297.7359401760 38.3650411413 
290.7223534367 38.8242928844 
283.9947034548 39.6180575327 
282.8402399029 39.8751994532 
- 
302.1662726544 38.0456471776 
302.1662726544 38.0456471776 
252.3181720551 44.0376399491 
266.2814497667 42.1724638369 
252.6152070292 43.9714531906 
270.9316161338 41.4587676662 
272.5622116540 41.2450735902 
276.9332583240 40.4091108126 
284.5453415660 39.5684004855 
298.1073277034 38.2900889234 
296.2103944909 38.5486809666 
288.7439641627 39.3422426603 
290.3626349020 38.9049531413 
288.7523509933 39.2757505471 
290.7223534367 38.8242928844 
280.9210063718 40.0904978894 
275.2775717525 40.5511224161 
274.9911663320 40.7362529531 
282.8402399029 39.8751994532 
283.3415196311 39.6026724909 
- 
302.1662726544 38.0456471776 
302.1662726544 38.0456471776 
252.3181720551 44.0376399491 
252.3181720551 44.0376399491 
265.7614742692 42.4565927326 
252.6152070292 43.9714531906 
270.9316161338 41.4587676662 
296.2103944909 38.5486809666 
280.9210063718 40.0904978894 
290.7223534367 38.8242928844 
274.9911663320 40.7362529531 
284.5453415660 39.5684004855 
266.2814497667 42.1724638369 
288.7253388467 39.2815032798 
266.2814497667 42.1724638369 
298.9587691266 38.1913801518 
272.5622116540 41.2450735902 
298.1073277034 38.2900889234 
276.9332583240 40.4091108126 
290.3626349020 38.9049531413 
- 
302.1662726544 38.0456471776 
302.1662726544 38.0456471776 
252.3181720527 44.0376399489 
252.3181720527 44.0376399489 
252.6152070292 43.9714531906 
265.7614742692 42.4565927326 
274.6828000282 40.3078656956 
278.2504768213 39.9741468232 
284.5453415660 39.5684004855 
272.5622116540 41.2450735902 
294.1451651862 38.5071592919 
270.2641946429 41.8434420842 
286.9648017015 39.1943278286 
298.1073277034 38.2900889234 
270.9316161338 41.4587676662 
290.7223534367 38.8242928844 
298.9587691266 38.1913801518 
289.3440352842 39.0296986643 
266.2814497667 42.1724638369 
290.3626349020 38.9049531413 
- 
302.1662726544 38.0456471776 
302.1662726544 38.0456471776 
252.3181720527 44.0376399489 
252.3181720527 44.0376399489 
265.7614742692 42.4565927326 
284.5453415660 39.5684004855 
252.6152070292 43.9714531906 
265.7614742692 42.4565927326 
252.6152070292 43.9714531906 
278.2504768213 39.9741468232 
294.1451651862 38.5071592919 
270.0944397008 41.8368218065 
273.8779442703 40.8210453245 
266.2814497667 42.1724638369 
297.0659311928 38.2587930685 
270.9316161338 41.4587676662 
290.7223534367 38.8242928844 
286.9648017015 39.1943278286 
274.6828000282 40.3078656956 
276.7577576637 40.1148984517 
- 
302.1662726544 38.0456471776 
302.1662726544 38.0456471776 
252.3181720527 44.0376399489 
252.3181720527 44.0376399489 
265.3919968730 42.5318771834 
252.6152070292 43.9714531906 
252.6152070292 43.9714531906 
284.5453415660 39.5684004855 
270.9316161338 41.4587676662 
290.7223534367 38.8242928844 
267.7042161111 41.7600574563 
297.0659311928 38.2587930685 
286.9648017015 39.1943278286 
273.4330941507 41.1265877820 
266.2814497667 42.1724638369 
278.2504768213 39.9741468232 
274.6828000282 40.3078656956 
292.4931483506 38.5582750264 
274.2011802227 40.7960266571 
295.6458950982 38.4691615963 
- 
302.1662726544 38.0456471776 
302.1662726544 38.0456471776 
252.3181720527 44.0376399489 
252.3181720527 44.0376399489 
265.3919968730 42.5318771834 
278.2504768213 39.9741468232 
284.5453415660 39.5684004855 
270.5732638819 40.9693018843 
267.7042161111 41.7600574563 
252.6152070292 43.9714531906 
286.4585831583 39.0526131800 
252.6152070292 43.9714531906 
274.6828000282 40.3078656956 
290.7223534367 38.8242928844 
297.0659311928 38.2587930685 
274.2011802227 40.7960266571 
266.2814497667 42.1724638369 
292.4931483506 38.5582750264 
295.6458950982 38.4691615963 
294.1023812719 38.4699089577 
- 
302.1662726544 38.0456471776 
302.1662726544 38.0456471776 
252.3181720527 44.0376399489 
252.3181720527 44.0376399489 
265.3919968730 42.5318771834 
270.5732638819 40.9693018843 
252.6152070292 43.9714531906 
267.6659775026 41.7584923729 
252.6152070292 43.9714531906 
281.6809526532 39.4919955277 
274.6828000282 40.3078656956 
290.7223534367 38.8242928844 
286.4585831583 39.0526131800 
285.0826001408 39.1663441211 
280.9429129467 39.9662948222 
297.0659311928 38.2587930685 
278.2467318915 39.9752117900 
292.4931483506 38.5582750264 
266.2814497667 42.1724638369 
274.2011802227 40.7960266571 
- 
302.1662726544 38.0456471776 
302.1662726544 38.0456471776 
252.3181720527 44.0376399489 
252.3181720527 44.0376399489 
264.8145534026 42.2484369662 
252.6152070292 43.9714531906 
267.6659775026 41.7584923729 
270.5732638819 40.9693018843 
252.6152070292 43.9714531906 
281.6809526532 39.4919955277 
273.2259265234 40.7705903242 
297.0659311928 38.2587930685 
286.2182019871 39.0524715570 
274.6828000282 40.3078656956 
281.3855659815 39.8898890949 
296.6506074163 38.3469736602 
285.0826001408 39.1663441211 
266.2814497667 42.1724638369 
278.2467318915 39.9752117900 
290.7223534367 38.8242928844 
- 
302.1662726544 38.0456471776 
302.1662726544 38.0456471776 
252.3181720527 44.0376399489 
252.3181720527 44.0376399489 
264.8145534026 42.2484369662 
290.7223534367 38.8242928844 
252.6152070292 43.9714531906 
252.6152070292 43.9714531906 
296.6506074163 38.3469736602 
270.5732638819 40.9693018843 
286.2182019871 39.0524715570 
297.0659311928 38.2587930685 
267.6659775026 41.7584923729 
273.2259265234 40.7705903242 
266.2814497667 42.1724638369 
267.6659775026 41.7584923729 
278.0702585805 39.9511906011 
274.6828000282 40.3078656956 
285.0826001408 39.1663441211 
282.6940955290 39.3663177050 
- 
302.1662726544 38.0456471776 
302.1662726544 38.0456471776 
252.3181720527 44.0376399489 
252.3181720527 44.0376399489 
264.2965159738 42.6081018289 
290.7223534367 38.8242928844 
270.5732638819 40.9693018843 
252.6152070292 43.9714531906 
252.6152070292 43.9714531906 
296.6401443656 38.3497303130 
273.2259265234 40.7705903242 
282.0097126944 39.4359537827 
278.0702585805 39.9511906011 
267.6659775026 41.7584923729 
267.6659775026 41.7584923729 
274.6828000282 40.3078656956 
297.0659311928 38.2587930685 
274.8851399572 40.2552411435 
277.8543330196 39.9937407882 
285.0826001408 39.1663441211 
- 
302.1662726544 38.0456471776 
302.1662726544 38.0456471776 
252.3181720527 44.0376399489 
252.3181720527 44.0376399489 
264.2965159738 42.6081018289 
264.2965159738 42.6081018289 
285.0819135556 39.1663181870 
252.6152070292 43.9714531906 
252.6152070292 43.9714531906 
267.6659775026 41.7584923729 
267.6659775026 41.7584923729 
290.7223537900 38.8242928495 
270.5732638819 40.9693018843 
290.7223534367 38.8242928844 
278.0702585805 39.9511906011 
281.5889559341 39.4467551665 
297.0659311928 38.2587930685 
296.6401443656 38.3497303130 
282.0097126944 39.4359537827 
274.8851399572 40.2552411435 
- 
302.1662726544 38.0456471776 
302.1662726544 38.0456471776 
252.3181720527 44.0376399489 
252.3181720527 44.0376399489 
264.2965159738 42.6081018289 
290.2310795236 38.8238348823 
264.2965159738 42.6081018289 
252.6152070292 43.9714531906 
252.6152070292 43.9714531906 
274.8851399572 40.2552411435 
296.6401443656 38.3497303130 
271.0763431440 40.9670616086 
270.5732638819 40.9693018843 
267.6659775026 41.7584923729 
267.6659775026 41.7584923729 
285.0819135556 39.1663181870 
297.0659311928 38.2587930685 
278.0702585805 39.9511906011 
285.0819135556 39.1663181870 
282.0097126944 39.4359537827 
- 
302.1662726544 38.0456471776 
302.1662726544 38.0456471776 
252.3181720527 44.0376399489 
252.3181720527 44.0376399489 
264.0106454697 42.4807057254 
290.2061132627 38.8200732868 
252.6152070292 43.9714531906 
252.6152070292 43.9714531906 
293.7472333472 38.4121321037 
270.5732638819 40.9693018843 
267.6659775026 41.7584923729 
264.2985476921 42.4246532915 
267.6659775026 41.7584923729 
297.0659311928 38.2587930685 
285.0819135556 39.1663181870 
279.8113269784 39.7772743287 
273.3856584864 40.6500168881 
278.0702585805 39.9511906011 
276.2839481781 40.1336567852 
285.0819135556 39.1663181870 
- 
302.1662726544 38.0456471776 
302.1662726544 38.0456471776 
252.3181720527 44.0376399489 
252.3181720527 44.0376399489 
264.0106454697 42.4807057254 
267.0676948598 41.7251433835 
290.2061132627 38.8200732868 
252.6152070292 43.9714531906 
270.5732638819 40.9693018843 
293.7472333472 38.4121321037 
297.0659311928 38.2587930685 
276.2839481781 40.1336567852 
252.6152070292 43.9714531906 
272.3731375186 40.6403706169 
284.7448390323 39.1132092629 
264.2985476921 42.4246532915 
281.2869992326 39.5900175299 
278.0702585805 39.9511906011 
279.8113269784 39.7772743287 
283.7006205329 39.3029331114 
- 
302.1662726544 38.0456471776 
302.1662726544 38.0456471776 
252.1533289465 43.9734668471 
263.4617364482 42.2444938413 
252.6269293700 43.9691000061 
267.0676948598 41.7251433835 
290.2061132627 38.8200732868 
270.5732638819 40.9693018843 
293.7472333472 38.4121321037 
276.2839481781 40.1336567852 
297.0659311928 38.2587930685 
272.3731375186 40.6403706169 
284.7448390323 39.1132092629 
281.2869992326 39.5900175299 
283.6825030614 39.3054027049 
272.3610441308 40.6425223276 
278.0702585805 39.9511906011 
284.7448390323 39.1132092629 
278.5968113417 39.8722230767 
280.7784160348 39.6476615839 
- 
302.1662726544 38.0456471776 
302.1662726544 38.0456471776 
252.1533289465 43.9734668471 
263.3301838059 42.4965896511 
252.6269293700 43.9691000061 
267.0676948598 41.7251433835 
270.5732638819 40.9693018843 
263.4617364482 42.2444938413 
276.2839481781 40.1336567852 
293.7472333472 38.4121321037 
286.1321219471 39.0706183998 
291.4313254147 38.6039229703 
297.0659311928 38.2587930685 
289.9986568360 38.8597881326 
297.0659311928 38.2587930685 
281.3661350145 39.5482317414 
270.7717238059 40.9190111014 
272.3731375186 40.6403706169 
279.1376524129 39.6610912170 
272.3731375186 40.6403706169 
- 
302.1662726544 38.0456471776 
302.1662726544 38.0456471776 
252.1533289465 43.9734668471 
263.3301838059 42.4965896511 
252.6269293700 43.9691000061 
281.3661350145 39.5482317414 
296.7929674393 38.2411570850 
267.0676948598 41.7251433835 
270.4636685660 40.9735742909 
286.1321219471 39.0706183998 
276.2839481781 40.1336567852 
293.7472333472 38.4121321037 
273.0297861782 40.6017685202 
266.1166557239 41.8045477789 
263.9244339093 42.1676976781 
279.1376524129 39.6610912170 
286.5238503021 39.0276354967 
289.9986568360 38.8597881326 
270.7717238059 40.9190111014 
278.8775270219 39.9725849544 
- 
302.1662726544 38.0456471776 
302.1662726544 38.0456471776 
251.4490809409 44.0905783078 
263.3301838059 42.4965896511 
252.6269293700 43.9691000061 
296.7929674393 38.2411570850 
252.6269293700 43.9691000061 
286.1321219471 39.0706183998 
276.2606037643 40.0676263224 
273.8727238255 40.4264661538 
263.9244339093 42.1676976781 
289.9986568360 38.8597881326 
269.5005821857 41.2330085635 
293.7472333472 38.4121321037 
267.4460013877 41.4277231458 
281.3661350145 39.5482317414 
281.3661350145 39.5482317414 
279.1376524129 39.6610912170 
265.7152673665 41.8814204113 
293.7472333472 38.4121321037 
- 
302.1662726544 38.0456471776 
302.1662726544 38.0456471776 
251.4490809409 44.0905783078 
263.3301838059 42.4965896511 
252.6324519209 43.9679981492 
273.8047828045 40.4086479537 
289.9986568360 38.8597881326 
293.5952235618 38.4077769750 
265.7152673665 41.8814204113 
267.4460013877 41.4277231458 
279.1376524129 39.6610912170 
269.5005821857 41.2330085635 
286.1321219471 39.0706183998 
263.9244339093 42.1676976781 
296.7929674393 38.2411570850 
286.1321219471 39.0706183998 
276.4187589122 40.0389510257 
281.3661350145 39.5482317414 
269.5005821857 41.2330085635 
276.2606037643 40.0676263224 
- 
302.1662726544 38.0456471776 
302.1662726544 38.0456471776 
249.2539001326 45.5671030506 
263.3301838059 42.4965896511 
252.6324519209 43.9679981492 
251.4490809409 44.0905783078 
296.7929674393 38.2411570850 
272.4387166275 40.7008563871 
289.9986568360 38.8597881326 
267.4008787563 41.3580920236 
273.5847872859 40.3507469614 
285.5309387380 39.2377511697 
281.3661350145 39.5482317414 
265.7152673665 41.8814204113 
293.5952235618 38.4077769750 
279.1376524129 39.6610912170 
269.5005821857 41.2330085635 
276.4187589122 40.0389510257 
288.0805427219 38.9688751626 
276.2606037643 40.0676263224 
- 
302.1662726544 38.0456471776 
302.1662726544 38.0456471776 
249.2539001326 45.5671030506 
252.6317049009 43.9679745198 
263.1177314447 42.5309581965 
251.4490809409 44.0905783078 
293.5952235618 38.4077769750 
269.5005821857 41.2330085635 
289.9986568360 38.8597881326 
279.1376524129 39.6610912170 
267.4008787563 41.3580920236 
263.3301838059 42.4965896511 
288.0805427219 38.9688751626 
296.7929674393 38.2411570850 
283.1486403744 39.4751636224 
265.7152673665 41.8814204113 
265.7152673665 41.8814204113 
272.4387166275 40.7008563871 
276.4187589122 40.0389510257 
273.5847872859 40.3507469614 
- 
302.1662726544 38.0456471776 
302.1662726544 38.0456471776 
249.2172914476 45.5664675625 
262.5929875907 42.4329379125 
252.6317049009 43.9679745198 
251.4490809409 44.0905783078 
283.1486403744 39.4751636224 
288.0805427219 38.9688751626 
293.5952235618 38.4077769750 
296.7929674393 38.2411570850 
289.9986568360 38.8597881326 
269.5005821857 41.2330085635 
267.4008787563 41.3580920236 
263.5368568452 42.2287217823 
279.1376524129 39.6610912170 
271.6354057955 40.7553697510 
273.5847872859 40.3507469614 
276.4187589122 40.0389510257 
278.6631472673 39.7921210789 
265.8963544180 41.8278045964 
- 
302.1662726544 38.0456471776 
302.1662726544 38.0456471776 
249.2172914476 45.5664675625 
262.5929875907 42.4329379125 
253.8163665370 43.8105739556 
249.9667764136 44.4788041243 
296.7929674393 38.2411570850 
273.5847872859 40.3507469614 
289.9986568360 38.8597881326 
276.4187589122 40.0389510257 
293.5574133783 38.4140547159 
251.4490809409 44.0905783078 
265.8963544180 41.8278045964 
286.1896599559 39.1190717558 
288.0805427219 38.9688751626 
269.5005821857 41.2330085635 
285.2301827182 39.4086388150 
278.6631472673 39.7921210789 
270.3973494132 40.9898397311 
281.3747521411 39.5246906590 
- 
302.1662726544 38.0456471776 
302.1662726544 38.0456471776 
249.2172914476 45.5664675625 
262.5929875907 42.4329379125 
253.8163665370 43.8105739556 
265.8963544180 41.8278045964 
296.7929674393 38.2411570850 
269.5005821857 41.2330085635 
249.9667764136 44.4788041243 
273.5847872859 40.3507469614 
262.7967584207 42.3391370296 
251.4490809409 44.0905783078 
289.9986568360 38.8597881326 
293.5574133783 38.4140547159 
292.5140193463 38.5992527674 
286.1896599559 39.1190717558 
285.2301827182 39.4086388150 
288.0805427219 38.9688751626 
276.4187589122 40.0389510257 
270.3973494132 40.9898397311 
- 
302.1662726544 38.0456471776 
302.1662726544 38.0456471776 
249.2172914476 45.5664675625 
253.8163665370 43.8105739556 
262.5929875907 42.4329379125 
285.2301827182 39.4086388150 
273.5847872859 40.3507469614 
249.9667764136 44.4788041243 
296.7929674393 38.2411570850 
276.4187589122 40.0389510257 
269.5005821857 41.2330085635 
265.8963544180 41.8278045964 
251.4490809409 44.0905783078 
276.4187589122 40.0389510257 
293.5574133783 38.4140547159 
264.9352342822 41.9403759106 
289.9986568360 38.8597881326 
262.7967584207 42.3391370296 
270.3973494132 40.9898397311 
270.3973494132 40.9898397311 
- 
302.1662726544 38.0456471776 
302.1662726544 38.0456471776 
249.2172914476 45.5664675625 
249.2172914476 45.5664675625 
262.4248223370 42.4636050929 
285.2301827182 39.4086388150 
289.9986568360 38.8597881326 
276.4187589122 40.0389510257 
253.8163665370 43.8105739556 
253.8163665370 43.8105739556 
249.9667764136 44.4788041243 
285.4185853615 39.3714042075 
273.4097851743 40.3930952496 
276.4187589122 40.0389510257 
293.5574133783 38.4140547159 
264.9352342822 41.9403759106 
293.3630809622 38.7620830981 
296.7929674393 38.2411570850 
268.4972993567 41.3161828996 
266.8745290174 41.7448294860 
- 
302.1662726544 38.0456471776 
302.1662726544 38.0456471776 
249.2172914476 45.5664675625 
249.2172914476 45.5664675625 
262.4248223370 42.4636050929 
249.9667764136 44.4788041243 
273.4097851743 40.3930952496 
253.8163665370 43.8105739556 
253.8163665370 43.8105739556 
278.3912844405 39.9678948557 
289.9986568360 38.8597881326 
269.0436711361 41.2884618306 
285.2301827182 39.4086388150 
264.9352342822 41.9403759106 
285.4185853615 39.3714042075 
296.7929674393 38.2411570850 
293.3630809622 38.7620830981 
293.5574133783 38.4140547159 
268.4972993567 41.3161828996 
266.8745290174 41.7448294860 
- 
302.1662726544 38.0456471776 
302.1662726544 38.0456471776 
249.2172914476 45.5664675625 
249.2172914476 45.5664675625 
262.4248223370 42.4636050929 
273.4097851743 40.3930952496 
249.9667764136 44.4788041243 
278.6768876439 39.9011267114 
285.2301827182 39.4086388150 
253.8163665370 43.8105739556 
296.7929674393 38.2411570850 
253.8163665370 43.8105739556 
278.3912844405 39.9678948557 
285.4185853615 39.3714042075 
253.5441486755 43.8290070294 
266.8745290174 41.7448294860 
269.0436711361 41.2884618306 
292.3168859315 38.7320696416 
289.9986568360 38.8597881326 
264.9352342822 41.9403759106 
- 
302.1662726544 38.0456471776 
302.1662726544 38.0456471776 
249.2172914476 45.5664675625 
249.2172914476 45.5664675625 
262.4248223370 42.4636050929 
273.4097851743 40.3930952496 
278.1439795902 39.8123787770 
283.9065309055 39.2367969251 
249.9667764136 44.4788041243 
269.0436711361 41.2884618306 
296.7929674393 38.2411570850 
253.8163665370 43.8105739556 
264.7604592054 41.9363784731 
289.9986568360 38.8597881326 
266.8745290174 41.7448294860 
253.8163665370 43.8105739556 
253.5441486755 43.8290070294 
294.9669029636 38.4296398870 
292.3168859315 38.7320696416 
290.3121562542 38.8062832344 
- 
302.1662726544 38.0456471776 
302.1662726544 38.0456471776 
249.2172914476 45.5664675625 
249.2172914476 45.5664675625 
262.4248223370 42.4636050929 
254.3545363239 43.7939285117 
269.0436711361 41.2884618306 
249.9667764136 44.4788041243 
273.4097851743 40.3930952496 
283.9065309055 39.2367969251 
296.7929674393 38.2411570850 
278.1439795902 39.8123787770 
264.7604592054 41.9363784731 
289.9986568360 38.8597881326 
266.8745290174 41.7448294860 
274.7742842758 40.1569981825 
252.2188573113 43.8252218080 
280.2027083541 39.5419625584 
281.8466551430 39.4571264102 
294.9669029636 38.4296398870 
- 
302.1662726544 38.0456471776 
302.1662726544 38.0456471776 
249.2172914476 45.5664675625 
249.2172914476 45.5664675625 
262.4248223370 42.4636050929 
254.3545363239 43.7939285117 
269.0436711361 41.2884618306 
249.9667764136 44.4788041243 
273.4097851743 40.3930952496 
289.9986568360 38.8597881326 
296.7929674393 38.2411570850 
266.8745290174 41.7448294860 
278.1439795902 39.8123787770 
252.2188573113 43.8252218080 
283.9065309055 39.2367969251 
294.9669029636 38.4296398870 
285.9064031070 39.1303786860 
288.8503421034 39.0759163171 
264.7604592054 41.9363784731 
276.0285179298 40.0276314208 
- 
302.1662726544 38.0456471776 
302.1662726544 38.0456471776 
249.2172914476 45.5664675625 
249.2172914476 45.5664675625 
262.4248223370 42.4636050929 
254.3545363239 43.7939285117 
249.9667764136 44.4788041243 
269.0436711361 41.2884618306 
278.1439795902 39.8123787770 
283.5593777187 39.2061202598 
272.4527632897 40.5198479025 
289.9986568360 38.8597881326 
294.9669029636 38.4296398870 
264.7604592054 41.9363784731 
252.2188573113 43.8252218080 
266.8745290174 41.7448294860 
276.0285179298 40.0276314208 
296.7929674393 38.2411570850 
273.4097851743 40.3930952496 
288.8503421034 39.0759163171 
- 
302.1662726544 38.0456471776 
302.1662726544 38.0456471776 
249.2172914476 45.5664675625 
249.2172914476 45.5664675625 
262.4248223370 42.4636050929 
254.3545363239 43.7939285117 
249.9667764136 44.4788041243 
269.0436711361 41.2884618306 
272.4527632897 40.5198479025 
296.7929674393 38.2411570850 
264.7604592054 41.9363784731 
251.4758737285 43.8091679303 
289.9986568360 38.8597881326 
266.8745290174 41.7448294860 
276.0285179298 40.0276314208 
279.9809212035 39.6686045112 
293.3203078306 38.4314683273 
283.5593777187 39.2061202598 
282.5801194589 39.3045080771 
288.8503421034 39.0759163171 
- 
302.1662726544 38.0456471776 
302.1662726544 38.0456471776 
249.2172914476 45.5664675625 
249.2172914476 45.5664675625 
262.4248223370 42.4636050929 
254.3545363239 43.7939285117 
249.9667764136 44.4788041243 
269.0436711361 41.2884618306 
293.3203078306 38.4314683273 
289.6539458655 38.8490843808 
264.7604592054 41.9363784731 
251.4758737285 43.8091679303 
266.8745290174 41.7448294860 
272.4353356716 40.7097694027 
279.9809212035 39.6686045112 
282.5801194589 39.3045080771 
296.7929674393 38.2411570850 
274.3620316211 40.1735866724 
279.4783939447 39.9184086611 
283.5593777187 39.2061202598 
- 
302.1662726544 38.0456471776 
302.1662726544 38.0456471776 
249.2172914476 45.5664675625 
249.2172914476 45.5664675625 
262.4248223370 42.4636050929 
253.6042273967 43.7500934913 
249.9667764136 44.4788041243 
269.0436711361 41.2884618306 
251.4758737285 43.8091679303 
287.2663502524 38.9864633899 
293.3203078306 38.4314683273 
272.4353356716 40.7097694027 
289.6539458655 38.8490843808 
283.5593777187 39.2061202598 
275.9417686285 40.0585981272 
279.4783939447 39.9184086611 
296.7929674393 38.2411570850 
291.4607990858 38.5777902905 
264.7604592054 41.9363784731 
264.0019356625 42.2869679996 
- 
302.1662726544 38.0456471776 
302.1662726544 38.0456471776 
249.2172914476 45.5664675625 
249.2172914476 45.5664675625 
262.4248223370 42.4636050929 
253.6042273967 43.7500934913 
272.4353356716 40.7097694027 
279.2567441766 39.8514627398 
275.9417686285 40.0585981272 
296.7929674393 38.2411570850 
249.9667764136 44.4788041243 
287.2663502524 38.9864633899 
251.4758737285 43.8091679303 
269.0436711361 41.2884618306 
283.5593777187 39.2061202598 
269.0436711361 41.2884618306 
293.3203078306 38.4314683273 
289.1497402221 38.7124523873 
264.7604592054 41.9363784731 
291.4607990858 38.5777902905 
- 
302.1662726544 38.0456471776 
302.1662726544 38.0456471776 
249.2172914476 45.5664675625 
249.2172914476 45.5664675625 
249.9667764136 44.4788041243 
264.5143736887 41.9280576496 
283.5593777187 39.2061202598 
275.9417686285 40.0585981272 
262.4248223370 42.4636050929 
296.7929674393 38.2411570850 
253.6042273967 43.7500934913 
262.4248223370 42.4636050929 
253.6042273967 43.7500934913 
287.2663502524 38.9864633899 
269.0195448548 41.3714658809 
251.4758737285 43.8091679303 
272.4353356716 40.7097694027 
279.2567441766 39.8514627398 
293.2856916499 38.4306258172 
272.4353356716 40.7097694027 
- 
302.1662726544 38.0456471776 
302.1662726544 38.0456471776 
249.2172914476 45.5664675625 
249.2172914476 45.5664675625 
252.7399310116 43.7247627120 
269.0195448548 41.3714658809 
249.9667764136 44.4788041243 
264.5143736887 41.9280576496 
262.4248223370 42.4636050929 
283.5593777187 39.2061202598 
293.2856916499 38.4306258172 
275.9417686285 40.0585981272 
262.4248223370 42.4636050929 
288.9473737827 38.9159806887 
279.3685783315 39.7145124594 
272.9842751531 40.6844875324 
251.4758737285 43.8091679303 
271.8854254997 40.8282752801 
296.7929674393 38.2411570850 
296.6566049362 38.2435945015 
- 
302.1662726544 38.0456471776 
302.1662726544 38.0456471776 
249.2172914476 45.5664675625 
249.2172914476 45.5664675625 
252.7399310116 43.7247627120 
288.9473737827 38.9159806887 
283.5593777187 39.2061202598 
249.9667764136 44.4788041243 
279.0962976663 39.6653208986 
262.4248223370 42.4636050929 
264.5143736887 41.9280576496 
262.4248223370 42.4636050929 
272.9842751531 40.6844875324 
268.4922910619 41.6746726481 
275.9417686285 40.0585981272 
296.7929674393 38.2411570850 
293.2856916499 38.4306258172 
270.1140368725 41.2162893773 
251.3548034524 43.8402700607 
275.9417686285 40.0585981272 
- 
302.1662726544 38.0456471776 
302.1662726544 38.0456471776 
248.6523175164 45.5526690134 
252.7399310116 43.7247627120 
262.3002664459 42.4982643484 
288.9473737827 38.9159806887 
293.2856916499 38.4306258172 
296.7929674393 38.2411570850 
270.1140368725 41.2162893773 
249.9667764136 44.4788041243 
283.5593777187 39.2061202598 
251.3548034524 43.8402700607 
272.9842751531 40.6844875324 
273.9522173585 40.6204735782 
283.5593777187 39.2061202598 
279.0962976663 39.6653208986 
279.0962976663 39.6653208986 
264.5143736887 41.9280576496 
276.1040588530 39.9416610193 
249.9667764136 44.4788041243 
- 
302.1662726544 38.0456471776 
302.1662726544 38.0456471776 
248.0328434336 45.3689722958 
262.3002664459 42.4982643484 
252.7399310116 43.7247627120 
270.1140368725 41.2162893773 
288.9473737827 38.9159806887 
264.5143736887 41.9280576496 
293.2856916499 38.4306258172 
296.7929674393 38.2411570850 
276.1040588530 39.9416610193 
280.9325539479 39.4517026495 
283.5593777187 39.2061202598 
249.9667764136 44.4788041243 
263.9649080071 42.0264837661 
250.0143581044 44.4785295437 
251.3548034524 43.8402700607 
273.9522173585 40.6204735782 
272.9842751531 40.6844875324 
283.5593777187 39.2061202598 
- 
302.1662726544 38.0456471776 
302.1662726544 38.0456471776 
248.0328434336 45.3689722958 
262.3002664459 42.4982643484 
252.7399310116 43.7247627120 
270.1140368725 41.2162893773 
288.9473737827 38.9159806887 
296.7929674393 38.2411570850 
249.9667764136 44.4788041243 
251.3548034524 43.8402700607 
276.1040588530 39.9416610193 
293.2695474117 38.4334699574 
272.9842751531 40.6844875324 
276.6939163016 39.9136921580 
280.3761672232 39.4821462337 
273.9522173585 40.6204735782 
283.5593777187 39.2061202598 
263.9649080071 42.0264837661 
264.5143736887 41.9280576496 
250.0143581044 44.4785295437 
- 
302.1662726544 38.0456471776 
302.1662726544 38.0456471776 
248.0328434336 45.3689722958 
248.0328434336 45.3689722958 
262.0966602028 42.5381353783 
293.2695474117 38.4334699574 
283.5593777187 39.2061202598 
264.5143736887 41.9280576496 
252.7399310116 43.7247627120 
252.7399310116 43.7247627120 
270.1140368725 41.2162893773 
272.2112569419 40.6646504325 
276.1040588530 39.9416610193 
288.9558940955 38.9145290324 
288.9473737827 38.9159806887 
270.1140368725 41.2162893773 
277.4362573265 39.8897255051 
296.7929674393 38.2411570850 
273.9522173585 40.6204735782 
249.9667764136 44.4788041243 
- 
302.1662726544 38.0456471776 
302.1662726544 38.0456471776 
248.0328434336 45.3689722958 
248.0328434336 45.3689722958 
283.5593777187 39.2061202598 
261.9715386423 42.5669593596 
264.5143736887 41.9280576496 
249.9667764136 44.4788041243 
252.7399310116 43.7247627120 
277.4362573265 39.8897255051 
296.7929674393 38.2411570850 
252.7399310116 43.7247627120 
270.1140368725 41.2162893773 
273.6721166384 40.6080379873 
276.1040588530 39.9416610193 
293.2695474117 38.4334699574 
288.9558940955 38.9145290324 
288.9473737827 38.9159806887 
270.1140368725 41.2162893773 
262.0966602028 42.5381353783 
- 
302.1662726544 38.0456471776 
302.1662726544 38.0456471776 
248.0328434336 45.3689722958 
248.0328434336 45.3689722958 
283.5593777187 39.2061202598 
261.9715386423 42.5669593596 
264.5143736887 41.9280576496 
249.9667764136 44.4788041243 
252.7399310116 43.7247627120 
277.4362573265 39.8897255051 
293.2695474117 38.4334699574 
296.7929674393 38.2411570850 
252.7399310116 43.7247627120 
273.2529875047 40.6026967460 
288.9957540184 38.9103361091 
274.7468696554 40.1428338819 
288.9109578745 38.9231487547 
271.7422079280 41.0185077325 
270.1140368725 41.2162893773 
270.1140368725 41.2162893773 
- 
302.1662726544 38.0456471776 
302.1662726544 38.0456471776 
248.0328434336 45.3689722958 
248.0328434336 45.3689722958 
261.9715386423 42.5669593596 
283.5593777187 39.2061202598 
277.4362573265 39.8897255051 
252.7399310116 43.7247627120 
293.2695474117 38.4334699574 
252.7399310116 43.7247627120 
267.5210088595 41.6664981122 
249.9667764136 44.4788041243 
249.9850593916 44.3285448300 
296.7929674393 38.2411570850 
288.9109578745 38.9231487547 
273.2005557382 40.3773380938 
263.9232392428 42.4910041061 
272.9474191469 40.7708836828 
271.7422079280 41.0185077325 
264.5143736887 41.9280576496 
- 
302.1662726544 38.0456471776 
302.1662726544 38.0456471776 
248.0328434336 45.3689722958 
248.0328434336 45.3689722958 
261.8792468491 42.5543055344 
267.5210088595 41.6664981122 
252.7399310116 43.7247627120 
293.2695474117 38.4334699574 
271.7422079280 41.0185077325 
296.7929674393 38.2411570850 
283.5593777187 39.2061202598 
252.7399310116 43.7247627120 
249.9667764136 44.4788041243 
288.9109578745 38.9231487547 
249.9850593916 44.3285448300 
277.4362573265 39.8897255051 
276.6920247711 40.1501720784 
264.5143736887 41.9280576496 
288.7882996148 39.0044303080 
283.8184458866 39.1657711344 
- 
302.1662726544 38.0456471776 
302.1662726544 38.0456471776 
248.0328434336 45.3689722958 
248.0328434336 45.3689722958 
261.2707011759 42.6898842683 
277.4362573265 39.8897255051 
252.7399310116 43.7247627120 
283.5593777187 39.2061202598 
276.1530450534 40.2772092354 
252.7399310116 43.7247627120 
271.7712513640 41.0123631228 
249.9667764136 44.4788041243 
268.4345196881 41.4713002806 
261.8792468491 42.5543055344 
288.9109578745 38.9231487547 
264.5143736887 41.9280576496 
249.9850593916 44.3285448300 
293.2695474117 38.4334699574 
296.7929674393 38.2411570850 
288.7882996148 39.0044303080 
- 
302.1662726544 38.0456471776 
302.1662726544 38.0456471776 
248.0328434336 45.3689722958 
248.0328434336 45.3689722958 
261.2707011759 42.6898842683 
271.7712513640 41.0123631228 
276.1530450534 40.2772092354 
252.7399310116 43.7247627120 
293.2695474117 38.4334699574 
282.0628903241 39.8614597488 
264.5143736887 41.9280576496 
252.7399310116 43.7247627120 
268.4345196881 41.4713002806 
283.5593777187 39.2061202598 
249.9667764136 44.4788041243 
277.4362573265 39.8897255051 
261.8792468491 42.5543055344 
288.9109578745 38.9231487547 
249.9850593916 44.3285448300 
266.8946416759 41.7481974165 
- 
302.1662726544 38.0456471776 
302.1662726544 38.0456471776 
248.0328434336 45.3689722958 
248.0328434336 45.3689722958 
293.2695474117 38.4334699574 
261.2707011759 42.6898842683 
271.7712513640 41.0123631228 
264.5143736887 41.9280576496 
252.7399310116 43.7247627120 
283.5593777187 39.2061202598 
252.7399310116 43.7247627120 
275.6527776293 40.3179345771 
267.8573283068 41.3069144180 
249.9667764136 44.4788041243 
282.0628903241 39.8614597488 
277.4362573265 39.8897255051 
288.9109578745 38.9231487547 
250.2715509993 43.9656615818 
288.9109578745 38.9231487547 
261.8792468491 42.5543055344 
- 
302.1662726544 38.0456471776 
302.1662726544 38.0456471776 
248.0328434336 45.3689722958 
248.0328434336 45.3689722958 
293.2695474117 38.4334699574 
261.2707011759 42.6898842683 
264.5143736887 41.9280576496 
249.9667764136 44.4788041243 
267.8573283068 41.3069144180 
283.5593777187 39.2061202598 
280.7381473295 39.4934616688 
271.9284745829 40.5620339345 
252.7399310116 43.7247627120 
252.7399310116 43.7247627120 
270.0765137028 40.9783153215 
277.4362573265 39.8897255051 
288.9109578745 38.9231487547 
261.8792468491 42.5543055344 
250.2715509993 43.9656615818 
275.6527776293 40.3179345771 
- 
302.1662726544 38.0456471776 
302.1662726544 38.0456471776 
248.0328434336 45.3689722958 
248.0328434336 45.3689722958 
288.9109578745 38.9231487547 
264.5143736887 41.9280576496 
249.9667764136 44.4788041243 
267.8573283068 41.3069144180 
293.2695474117 38.4334699574 
283.5593777187 39.2061202598 
277.4362573265 39.8897255051 
252.7399310116 43.7247627120 
252.7399310116 43.7247627120 
270.0765137028 40.9783153215 
261.2707011759 42.6898842683 
261.8792468491 42.5543055344 
261.2707011759 42.6898842683 
293.2695474117 38.4334699574 
275.6527776293 40.3179345771 
271.9284745829 40.5620339345 
- 
302.1662726544 38.0456471776 
302.1662726544 38.0456471776 
248.0328434336 45.3689722958 
248.0328434336 45.3689722958 
249.9667764136 44.4788041243 
261.2496861350 42.6946514225 
277.4362573265 39.8897255051 
264.5143736887 41.9280576496 
252.7399310116 43.7247627120 
283.5593777187 39.2061202598 
267.8573283068 41.3069144180 
288.9109578745 38.9231487547 
252.7399310116 43.7247627120 
293.2695474117 38.4334699574 
292.7211942080 38.5373725105 
284.2651622163 39.0892268258 
261.8982044248 42.5487874345 
275.6527776293 40.3179345771 
271.9284745829 40.5620339345 
270.0765137028 40.9783153215 
- 
302.1662726544 38.0456471776 
302.1662726544 38.0456471776 
248.0328434336 45.3689722958 
248.0328434336 45.3689722958 
249.9667764136 44.4788041243 
261.2496861350 42.6946514225 
264.5143736887 41.9280576496 
277.4362573265 39.8897255051 
252.7399310116 43.7247627120 
293.2695474117 38.4334699574 
282.7260804245 39.3529974197 
252.7399310116 43.7247627120 
275.6527776293 40.3179345771 
269.7334260982 40.9514588790 
261.8982044248 42.5487874345 
267.8573283068 41.3069144180 
292.7211942080 38.5373725105 
284.2651622163 39.0892268258 
288.9109578745 38.9231487547 
288.8365037891 38.9371107396 
- 
302.1662726544 38.0456471776 
302.1662726544 38.0456471776 
248.0328434336 45.3689722958 
248.0328434336 45.3689722958 
261.2496861350 42.6946514225 
249.9667764136 44.4788041243 
264.5143736887 41.9280576496 
277.4362573265 39.8897255051 
252.7399310116 43.7247627120 
293.2695474117 38.4334699574 
282.7260804245 39.3529974197 
288.1536776376 38.8419358535 
272.7249265684 40.6185060498 
252.7399310116 43.7247627120 
274.6203180766 40.1875076946 
269.7334260982 40.9514588790 
284.2651622163 39.0892268258 
267.8573283068 41.3069144180 
292.7211942080 38.5373725105 
261.9499459271 42.5247693856 
- 
302.1662726544 38.0456471776 
302.1662726544 38.0456471776 
248.0328434336 45.3689722958 
248.0328434336 45.3689722958 
261.2496861350 42.6946514225 
249.9667764136 44.4788041243 
264.5143736887 41.9280576496 
252.7399310116 43.7247627120 
293.2695474117 38.4334699574 
267.8573283068 41.3069144180 
277.4362573265 39.8897255051 
252.7399310116 43.7247627120 
269.7334260982 40.9514588790 
284.2651622163 39.0892268258 
262.1307360420 42.5100523672 
292.5551459153 38.5609202953 
288.1536776376 38.8419358535 
282.7260804245 39.3529974197 
288.1536776376 38.8419358535 
271.2191613892 40.6821024390 
- 
302.1662726544 38.0456471776 
302.1662726544 38.0456471776 
248.0328434336 45.3689722958 
248.0328434336 45.3689722958 
252.7399310116 43.7247627120 
293.2695474117 38.4334699574 
277.4362573265 39.8897255051 
267.8573283068 41.3069144180 
252.7399310116 43.7247627120 
261.2496861350 42.6946514225 
249.9667764136 44.4788041243 
281.9560373573 39.4184482180 
261.2496861350 42.6946514225 
271.2191613892 40.6821024390 
277.9966693811 39.8805596383 
269.7334260982 40.9514588790 
264.5143736887 41.9280576496 
249.9667764136 44.4788041243 
271.2191613892 40.6821024390 
264.5143736887 41.9280576496 
- 
302.1662726544 38.0456471776 
302.1662726544 38.0456471776 
248.0328434336 45.3689722958 
248.0328434336 45.3689722958 
293.2695474117 38.4334699574 
281.9560373573 39.4184482180 
260.6537669632 42.6733631214 
252.7399310116 43.7247627120 
276.0477215865 40.0517761663 
252.7399310116 43.7247627120 
249.9667764136 44.4788041243 
264.5143736887 41.9280576496 
264.5143736887 41.9280576496 
267.8573283068 41.3069144180 
249.9667764136 44.4788041243 
271.2191613892 40.6821024390 
271.2191613892 40.6821024390 
268.1041503106 41.2711274473 
277.9966693811 39.8805596383 
277.9966693811 39.8805596383 
- 
302.1662726544 38.0456471776 
302.1662726544 38.0456471776 
248.0328434336 45.3689722958 
248.0328434336 45.3689722958 
260.6537669632 42.6733631214 
293.2695474117 38.4334699574 
281.9560373573 39.4184482180 
293.2695474117 38.4334699574 
252.7399310116 43.7247627120 
276.0477215865 40.0517761663 
281.9560373573 39.4184482180 
252.7399310116 43.7247627120 
263.3250952609 42.1919182248 
249.9667764136 44.4788041243 
267.8573283068 41.3069144180 
249.9667764136 44.4788041243 
269.5729454261 40.9765743236 
271.2191613892 40.6821024390 
271.2191613892 40.6821024390 
264.5143736887 41.9280576496 
- 
302.1662726544 38.0456471776 
302.1662726544 38.0456471776 
248.0328434336 45.3689722958 
248.0328434336 45.3689722958 
260.6537669632 42.6733631214 
284.9344748892 39.2663312720 
293.2695474117 38.4334699574 
252.7399310116 43.7247627120 
267.8573283068 41.3069144180 
293.2695474117 38.4334699574 
264.5143736887 41.9280576496 
276.0477215865 40.0517761663 
252.7399310116 43.7247627120 
276.0477215865 40.0517761663 
249.8851318546 44.5242034324 
281.9560373573 39.4184482180 
281.9560373573 39.4184482180 
263.3250952609 42.1919182248 
249.9667764136 44.4788041243 
269.5729454261 40.9765743236 
- 
302.1662726544 38.0456471776 
302.1662726544 38.0456471776 
248.0328434336 45.3689722958 
248.0328434336 45.3689722958 
260.4051693459 42.6439603171 
284.9344748892 39.2663312720 
269.5729454261 40.9765743236 
293.2695474117 38.4334699574 
293.2695474117 38.4334699574 
279.9178626376 39.6568264088 
252.7399310116 43.7247627120 
263.3250952609 42.1919182248 
252.7399310116 43.7247627120 
249.8851318546 44.5242034324 
252.1259640602 44.0321243398 
264.9378542886 41.8673727250 
276.0477215865 40.0517761663 
276.4056159342 40.0507162326 
276.0477215865 40.0517761663 
249.9667764136 44.4788041243 
- 
302.1662726544 38.0456471776 
302.1662726544 38.0456471776 
247.7950976720 47.8402547778 
269.5729454261 40.9765743236 
260.4051693459 42.6439603171 
284.9344748892 39.2663312720 
248.0328434336 45.3689722958 
264.9378542886 41.8673727250 
293.2695474117 38.4334699574 
301.4973588884 38.1097088102 
293.2695474117 38.4334699574 
252.7399310116 43.7247627120 
263.3250952609 42.1919182248 
252.7399310116 43.7247627120 
281.6865712254 39.4008543989 
250.4262683866 43.9799227699 
249.8851318546 44.5242034324 
276.0477215865 40.0517761663 
276.0477215865 40.0517761663 
279.9178626376 39.6568264088 
- 
302.1662726544 38.0456471776 
302.1662726544 38.0456471776 
247.7950976720 47.8402547778 
269.5729454261 40.9765743236 
260.4051693459 42.6439603171 
284.9344748892 39.2663312720 
248.0328434336 45.3689722958 
293.2695474117 38.4334699574 
275.7714066781 40.1204114098 
264.9378542886 41.8673727250 
301.2779390534 38.0492706806 
293.2695474117 38.4334699574 
252.7399310116 43.7247627120 
252.7399310116 43.7247627120 
250.4262683866 43.9799227699 
263.3250952609 42.1919182248 
279.9178626376 39.6568264088 
248.4011581765 44.9335917360 
281.6865712254 39.4008543989 
249.8851318546 44.5242034324 
- 
302.1662726544 38.0456471776 
302.1662726544 38.0456471776 
247.7950976720 47.8402547778 
269.5729454261 40.9765743236 
275.7714066781 40.1204114098 
284.9344748892 39.2663312720 
248.0328434336 45.3689722958 
264.9378542886 41.8673727250 
260.4051693459 42.6439603171 
279.9178626376 39.6568264088 
252.7399310116 43.7247627120 
260.4051693459 42.6439603171 
263.3250952609 42.1919182248 
293.2695474117 38.4334699574 
252.7399310116 43.7247627120 
299.7155255371 38.1723186040 
294.7980731581 38.3727873337 
250.0812850636 43.9793292941 
249.8851318546 44.5242034324 
248.4011581765 44.9335917360 
- 
302.1662726544 38.0456471776 
302.1662726544 38.0456471776 
247.7950976720 47.8402547778 
269.5729454261 40.9765743236 
284.9344748892 39.2663312720 
247.9378579876 45.3669501930 
275.7714066781 40.1204114098 
260.4051693459 42.6439603171 
265.0643882071 41.8672636601 
299.7155255371 38.1723186040 
252.7399310116 43.7247627120 
260.4051693459 42.6439603171 
293.2695474117 38.4334699574 
252.7399310116 43.7247627120 
294.7980731581 38.3727873337 
250.0812850636 43.9793292941 
279.9178626376 39.6568264088 
279.3693107868 40.0593938502 
293.2695474117 38.4334699574 
248.4011581765 44.9335917360 
- 
302.1662726544 38.0456471776 
302.1662726544 38.0456471776 
247.7950976720 47.8402547778 
269.5729454261 40.9765743236 
265.0643882071 41.8672636601 
247.9378579876 45.3669501930 
284.9344748892 39.2663312720 
275.7714066781 40.1204114098 
250.0812850636 43.9793292941 
252.7399310116 43.7247627120 
261.1490120561 42.5530285733 
293.2695474117 38.4334699574 
252.7399310116 43.7247627120 
279.9178626376 39.6568264088 
260.4051693459 42.6439603171 
299.7155255371 38.1723186040 
281.7241965631 39.3486924562 
249.2027514790 44.8264288507 
260.4051693459 42.6439603171 
277.0174938221 40.0415417622 
- 
302.1662726544 38.0456471776 
302.1662726544 38.0456471776 
247.7950976720 47.8402547778 
293.2695474117 38.4334699574 
269.5729454261 40.9765743236 
247.9378579876 45.3669501930 
252.4593990533 43.7149559457 
265.0643882071 41.8672636601 
284.9344748892 39.2663312720 
275.7714066781 40.1204114098 
249.2027514790 44.8264288507 
250.0812850636 43.9793292941 
261.1490120561 42.5530285733 
279.9178626376 39.6568264088 
260.4051693459 42.6439603171 
299.6854745084 38.1788661384 
281.7241965631 39.3486924562 
260.4051693459 42.6439603171 
277.0174938221 40.0415417622 
299.7155255371 38.1723186040 
- 
302.1662726544 38.0456471776 
302.1662726544 38.0456471776 
247.7950976720 47.8402547778 
293.2695474117 38.4334699574 
269.5729454261 40.9765743236 
247.9378579876 45.3669501930 
265.0643882071 41.8672636601 
252.4593990533 43.7149559457 
248.3390261663 44.8117655056 
284.9344748892 39.2663312720 
260.4051693459 42.6439603171 
250.0812850636 43.9793292941 
299.6854745084 38.1788661384 
284.9344748892 39.2663312720 
261.5151810550 42.4721376015 
260.4051693459 42.6439603171 
275.7714066781 40.1204114098 
275.7714066781 40.1204114098 
276.9795014826 40.0409329478 
281.7241965631 39.3486924562 
- 
302.1662726544 38.0456471776 
302.1662726544 38.0456471776 
247.7950976720 47.8402547778 
252.4593990533 43.7149559457 
247.9378579876 45.3669501930 
265.0643882071 41.8672636601 
269.5729454261 40.9765743236 
291.6754263964 38.7229340024 
293.2695474117 38.4334699574 
286.1323384139 39.0381222472 
269.4177144050 41.7806882114 
261.4796362375 42.4714451919 
260.4051693459 42.6439603171 
279.2784893173 39.5983894489 
299.2461592531 38.2075734013 
250.0812850636 43.9793292941 
281.7241965631 39.3486924562 
260.4051693459 42.6439603171 
275.7714066781 40.1204114098 
276.9795014826 40.0409329478 
- 
302.1662726544 38.0456471776 
302.1662726544 38.0456471776 
247.7950976720 47.8402547778 
252.4593990533 43.7149559457 
247.8125985981 45.9999244406 
247.9378579876 45.3669501930 
291.6754263964 38.7229340024 
272.0703795257 40.7548826276 
293.2695474117 38.4334699574 
261.4796362375 42.4714451919 
260.4051693459 42.6439603171 
269.4177144050 41.7806882114 
269.5729454261 40.9765743236 
250.0812850636 43.9793292941 
286.1323384139 39.0381222472 
279.2784893173 39.5983894489 
275.5070976431 40.1630440182 
265.0643882071 41.8672636601 
260.4051693459 42.6439603171 
299.2461592531 38.2075734013 
- 
302.1662726544 38.0456471776 
302.1662726544 38.0456471776 
247.6749803230 46.6545087007 
286.1323384139 39.0381222472 
265.0643882071 41.8672636601 
279.2784893173 39.5983894489 
250.0812850636 43.9793292941 
299.2461592531 38.2075734013 
291.6754263964 38.7229340024 
248.3705124755 44.8745215836 
293.2695474117 38.4334699574 
282.4526008836 39.3496626899 
269.4177144050 41.7806882114 
275.5070976431 40.1630440182 
252.4593990533 43.7149559457 
261.4796362375 42.4714451919 
252.4593990533 43.7149559457 
269.5729454261 40.9765743236 
260.4051693459 42.6439603171 
272.0703795257 40.7548826276 
- 
302.1662726544 38.0456471776 
302.1662726544 38.0456471776 
247.6749803230 46.6545087007 
248.3705124755 44.8745215836 
260.4051693459 42.6439603171 
265.0643882071 41.8672636601 
250.0812850636 43.9793292941 
299.2461592531 38.2075734013 
286.1323384139 39.0381222472 
291.6754263964 38.7229340024 
271.7367427030 40.7509790361 
269.4177144050 41.7806882114 
252.4593990533 43.7149559457 
261.4796362375 42.4714451919 
252.4593990533 43.7149559457 
269.5729454261 40.9765743236 
293.2695474117 38.4334699574 
274.7204911295 40.1799926415 
275.5070976431 40.1630440182 
278.8375722879 39.6624654567 
- 
302.1662726544 38.0456471776 
302.1662726544 38.0456471776 
247.6749803230 46.6545087007 
248.3705124755 44.8745215836 
286.1323384139 39.0381222472 
260.4051693459 42.6439603171 
269.5729454261 40.9765743236 
291.6736629505 38.7228357310 
293.2695474117 38.4334699574 
278.8375722879 39.6624654567 
271.7367427030 40.7509790361 
265.6396199328 41.7588791003 
261.4796362375 42.4714451919 
252.4593990533 43.7149559457 
252.4593990533 43.7149559457 
264.6835896357 41.7903574118 
250.0812850636 43.9793292941 
274.7204911295 40.1799926415 
299.0918230666 38.2195338560 
278.8375722879 39.6624654567 
- 
302.1662726544 38.0456471776 
302.1662726544 38.0456471776 
247.5820115377 46.9732639549 
260.3743514404 42.6524063202 
247.6749803230 46.6545087007 
248.3705124755 44.8745215836 
269.5729454261 40.9765743236 
286.1323384139 39.0381222472 
299.0918230666 38.2195338560 
291.6736629505 38.7228357310 
249.9680602689 43.9759856721 
252.4593990533 43.7149559457 
252.4593990533 43.7149559457 
261.4796362375 42.4714451919 
264.6835896357 41.7903574118 
278.8375722879 39.6624654567 
274.7204911295 40.1799926415 
286.1675997678 39.0309947147 
293.8523130303 38.3669293179 
248.7606144197 44.6668301198 
- 
302.1662726544 38.0456471776 
302.1662726544 38.0456471776 
247.4263419225 46.6503439605 
269.5729454261 40.9765743236 
252.2440541484 43.7074540468 
264.6835896357 41.7903574118 
248.3705124755 44.8745215836 
274.7204911295 40.1799926415 
291.6736629505 38.7228357310 
293.8523130303 38.3669293179 
261.4796362375 42.4714451919 
249.9680602689 43.9759856721 
260.3743514404 42.6524063202 
260.3743514404 42.6524063202 
286.1675997678 39.0309947147 
283.4041534002 39.4857896703 
248.7606144197 44.6668301198 
276.9462549501 40.0846118416 
278.8375722879 39.6624654567 
299.0422338355 38.2226787923 
- 
302.1662726544 38.0456471776 
302.1662726544 38.0456471776 
247.4263419225 46.6503439605 
268.9503874296 40.9563602835 
264.6835896357 41.7903574118 
252.2440541484 43.7074540468 
248.3705124755 44.8745215836 
274.7204911295 40.1799926415 
286.1675997678 39.0309947147 
291.6736629505 38.7228357310 
283.4041534002 39.4857896703 
293.8523130303 38.3669293179 
299.0422338355 38.2226787923 
261.4796362375 42.4714451919 
260.3743514404 42.6524063202 
249.9680602689 43.9759856721 
260.3743514404 42.6524063202 
278.8375722879 39.6624654567 
248.7606144197 44.6668301198 
276.9462549501 40.0846118416 
- 
302.1662726544 38.0456471776 
302.1662726544 38.0456471776 
247.4263419225 46.6503439605 
252.2440541484 43.7074540468 
248.3705124755 44.8745215836 
274.7204911295 40.1799926415 
268.9503874296 40.9563602835 
293.8523130303 38.3669293179 
278.8375722879 39.6624654567 
286.1675997678 39.0309947147 
283.4041534002 39.4857896703 
260.3743514404 42.6524063202 
249.9680602689 43.9759856721 
268.8464284126 41.3801237417 
291.6736629505 38.7228357310 
260.3743514404 42.6524063202 
264.2849500442 42.0690844857 
276.9462549501 40.0846118416 
248.7606144197 44.6668301198 
265.2456735161 41.6235845103 
- 
302.1662726544 38.0456471776 
302.1662726544 38.0456471776 
247.4263419225 46.6503439605 
247.4263419225 46.6503439605 
293.8523130303 38.3669293179 
268.9503874296 40.9563602835 
248.3705124755 44.8745215836 
291.6736629505 38.7228357310 
260.3743514404 42.6524063202 
252.2440541484 43.7074540468 
283.4041534002 39.4857896703 
252.2440541484 43.7074540468 
265.2456735161 41.6235845103 
260.3743514404 42.6524063202 
262.5423241429 42.2503433628 
286.5857814047 38.9412433041 
248.7606144197 44.6668301198 
274.7204911295 40.1799926415 
264.2849500442 42.0690844857 
249.9680602689 43.9759856721 
- 
302.1662726544 38.0456471776 
302.1662726544 38.0456471776 
247.4263419225 46.6503439605 
247.4263419225 46.6503439605 
283.4041534002 39.4857896703 
268.9503874296 40.9563602835 
293.8523130303 38.3669293179 
248.3705124755 44.8745215836 
274.7204911295 40.1799926415 
286.5857814047 38.9412433041 
291.6736629505 38.7228357310 
265.2456735161 41.6235845103 
274.7204911295 40.1799926415 
252.2440541484 43.7074540468 
249.8625392645 43.9728752434 
260.3743514404 42.6524063202 
252.2440541484 43.7074540468 
260.3743514404 42.6524063202 
262.5423241429 42.2503433628 
248.7606144197 44.6668301198 
- 
302.1662726544 38.0456471776 
302.1662726544 38.0456471776 
247.4263419225 46.6503439605 
247.4263419225 46.6503439605 
268.9503874296 40.9563602835 
293.8523130303 38.3669293179 
248.3705124755 44.8745215836 
281.4609310976 39.5518024588 
274.7204911295 40.1799926415 
252.2440541484 43.7074540468 
274.7204911295 40.1799926415 
249.8625392645 43.9728752434 
260.3743514404 42.6524063202 
252.2440541484 43.7074540468 
283.4041534002 39.4857896703 
262.5423241429 42.2503433628 
286.5857814047 38.9412433041 
260.3743514404 42.6524063202 
265.2456735161 41.6235845103 
291.6736629505 38.7228357310 
- 
302.1662726544 38.0456471776 
302.1662726544 38.0456471776 
247.4263419225 46.6503439605 
247.4263419225 46.6503439605 
248.3705124755 44.8745215836 
259.4451701005 43.0127678285 
293.8523130303 38.3669293179 
265.2456735161 41.6235845103 
268.9503874296 40.9563602835 
281.4609310976 39.5518024588 
262.5423241429 42.2503433628 
286.5857814047 38.9412433041 
249.8625392645 43.9728752434 
291.6736629505 38.7228357310 
273.4115819040 40.6812724038 
274.7204911295 40.1799926415 
252.2440541484 43.7074540468 
252.2440541484 43.7074540468 
283.6352280785 39.2454558148 
274.7204911295 40.1799926415 
- 
302.1662726544 38.0456471776 
302.1662726544 38.0456471776 
247.4263419225 46.6503439605 
247.4263419225 46.6503439605 
259.4451701005 43.0127678285 
248.3705124755 44.8745215836 
262.5423241429 42.2503433628 
265.2456735161 41.6235845103 
268.7947741572 40.9510111715 
276.2874195122 40.1005436909 
293.8523130303 38.3669293179 
281.4609310976 39.5518024588 
252.2440541484 43.7074540468 
283.6352280785 39.2454558148 
249.7193016333 44.0118637918 
291.6736629505 38.7228357310 
252.2440541484 43.7074540468 
286.5921889687 38.9400962408 
273.2087332409 40.7121548776 
286.5857814047 38.9412433041 
- 
302.1662726544 38.0456471776 
302.1662726544 38.0456471776 
247.4263419225 46.6503439605 
247.4263419225 46.6503439605 
259.4451701005 43.0127678285 
248.3705124755 44.8745215836 
275.4583124672 40.0702162973 
293.8523130303 38.3669293179 
268.7947741572 40.9510111715 
281.4609310976 39.5518024588 
249.7193016333 44.0118637918 
291.6736629505 38.7228357310 
252.2440541484 43.7074540468 
273.2087332409 40.7121548776 
262.5423241429 42.2503433628 
265.2456735161 41.6235845103 
262.5423241429 42.2503433628 
265.2456735161 41.6235845103 
252.2440541484 43.7074540468 
286.5921889687 38.9400962408 
- 
302.1662726544 38.0456471776 
302.1662726544 38.0456471776 
247.4263419225 46.6503439605 
247.4263419225 46.6503439605 
248.3705124755 44.8745215836 
281.4609310976 39.5518024588 
286.5921889687 38.9400962408 
259.4451701005 43.0127678285 
293.8523130303 38.3669293179 
273.2087332409 40.7121548776 
249.7193016333 44.0118637918 
276.5031390618 40.0610351124 
268.7947741572 40.9510111715 
252.2440541484 43.7074540468 
291.6736629505 38.7228357310 
260.6075499935 42.6341558956 
267.6041572619 41.2925125669 
275.4583124672 40.0702162973 
252.2440541484 43.7074540468 
265.2456735161 41.6235845103 
- 
302.1662726544 38.0456471776 
302.1662726544 38.0456471776 
247.4263419225 46.6503439605 
247.4263419225 46.6503439605 
248.3705124755 44.8745215836 
281.4609310976 39.5518024588 
265.2456735161 41.6235845103 
293.8523130303 38.3669293179 
260.6075499935 42.6341558956 
273.2087332409 40.7121548776 
249.7193016333 44.0118637918 
291.6736629505 38.7228357310 
259.4451701005 43.0127678285 
276.5031390618 40.0610351124 
268.7947741572 40.9510111715 
252.2440541484 43.7074540468 
286.5921889687 38.9400962408 
267.6041572619 41.2925125669 
275.4583124672 40.0702162973 
252.2440541484 43.7074540468 
- 
302.1662726544 38.0456471776 
302.1662726544 38.0456471776 
247.4263419225 46.6503439605 
247.4263419225 46.6503439605 
248.3705124755 44.8745215836 
281.4609310976 39.5518024588 
286.5921889687 38.9400962408 
259.4451701005 43.0127678285 
260.6075499935 42.6341558956 
272.6242091571 40.7011785499 
249.7193016333 44.0118637918 
291.6736629505 38.7228357310 
293.8523130303 38.3669293179 
276.5031390618 40.0610351124 
252.2440541484 43.7074540468 
265.2456735161 41.6235845103 
275.4583124672 40.0702162973 
268.7947741572 40.9510111715 
252.2440541484 43.7074540468 
265.2456735161 41.6235845103 
- 
302.1662726544 38.0456471776 
302.1662726544 38.0456471776 
247.4263419225 46.6503439605 
247.4263419225 46.6503439605 
259.4451701005 43.0127678285 
293.8523130303 38.3669293179 
248.3705124755 44.8745215836 
260.6075499935 42.6341558956 
272.6242091571 40.7011785499 
249.7193016333 44.0118637918 
264.2606401954 41.8148950801 
291.6736629505 38.7228357310 
286.5921889687 38.9400962408 
276.5031390618 40.0610351124 
252.2440541484 43.7074540468 
284.6738122427 39.1015840471 
266.5435502203 41.4138826898 
281.4609310976 39.5518024588 
252.2440541484 43.7074540468 
268.7947741572 40.9510111715 
- 
302.1662726544 38.0456471776 
302.1662726544 38.0456471776 
247.4263419225 46.6503439605 
247.4263419225 46.6503439605 
248.3705124755 44.8745215836 
293.8523130303 38.3669293179 
264.2606401954 41.8148950801 
259.4451701005 43.0127678285 
272.6242091571 40.7011785499 
260.6075499935 42.6341558956 
268.7947741572 40.9510111715 
266.5435502203 41.4138826898 
291.6736629505 38.7228357310 
252.2440541484 43.7074540468 
276.5031390618 40.0610351124 
281.4609310976 39.5518024588 
284.6738122427 39.1015840471 
249.7193016333 44.0118637918 
275.1487009610 40.1541865762 
252.2440541484 43.7074540468 
- 
302.1662726544 38.0456471776 
302.1662726544 38.0456471776 
247.4263419225 46.6503439605 
247.4263419225 46.6503439605 
248.3705124755 44.8745215836 
284.6738122427 39.1015840471 
293.8523130303 38.3669293179 
291.6736629505 38.7228357310 
260.6075499935 42.6341558956 
272.6242091571 40.7011785499 
249.7193016333 44.0118637918 
259.4451701005 43.0127678285 
268.6230112006 40.9354348100 
252.2440541484 43.7074540468 
275.1487009610 40.1541865762 
281.0562957351 39.6543943304 
264.2606401954 41.8148950801 
276.9959196266 40.0451083049 
281.4609310976 39.5518024588 
252.2440541484 43.7074540468 
- 
302.1662726544 38.0456471776 
302.1662726544 38.0456471776 
247.4263419225 46.6503439605 
247.4263419225 46.6503439605 
248.3705124755 44.8745215836 
284.6738122427 39.1015840471 
268.6230112006 40.9354348100 
260.6075499935 42.6341558956 
259.4148192976 43.0210845314 
293.8523130303 38.3669293179 
264.2606401954 41.8148950801 
291.6736629505 38.7228357310 
264.2606401954 41.8148950801 
252.2440541484 43.7074540468 
272.6242091571 40.7011785499 
281.4609310976 39.5518024588 
249.7193016333 44.0118637918 
252.2440541484 43.7074540468 
275.1487009610 40.1541865762 
279.6256759359 39.9034164095 
- 
302.1662726544 38.0456471776 
302.1662726544 38.0456471776 
247.4263419225 46.6503439605 
247.4263419225 46.6503439605 
293.8523130303 38.3669293179 
268.6230112006 40.9354348100 
259.4148192976 43.0210845314 
290.3263361693 38.6992582636 
260.4873989742 42.6184544645 
248.1868468311 45.0443227369 
272.6242091571 40.7011785499 
281.4609310976 39.5518024588 
279.6256759359 39.9034164095 
264.2606401954 41.8148950801 
264.2606401954 41.8148950801 
252.2440541484 43.7074540468 
285.0805039916 39.0468649390 
248.3705124755 44.8745215836 
249.7193016333 44.0118637918 
252.2440541484 43.7074540468 
- 
302.1662726544 38.0456471776 
302.1662726544 38.0456471776 
247.4263419225 46.6503439605 
247.4263419225 46.6503439605 
252.1955737245 43.7057682749 
293.8523130303 38.3669293179 
268.6230112006 40.9354348100 
259.4148192976 43.0210845314 
285.0805039916 39.0468649390 
290.3263361693 38.6992582636 
260.4873989742 42.6184544645 
248.1868468311 45.0443227369 
278.4931918447 40.4835873355 
249.5496852020 44.0080767382 
264.2606401954 41.8148950801 
264.2606401954 41.8148950801 
279.6256759359 39.9034164095 
248.3705124755 44.8745215836 
272.6242091571 40.7011785499 
281.4609310976 39.5518024588 
- 
302.1662726544 38.0456471776 
302.1662726544 38.0456471776 
247.4263419225 46.6503439605 
247.4263419225 46.6503439605 
252.1955737245 43.7057682749 
293.8523130303 38.3669293179 
259.4148192976 43.0210845314 
268.6230112006 40.9354348100 
285.0805039916 39.0468649390 
278.4931918447 40.4835873355 
271.3378589455 40.7006131584 
249.5496852020 44.0080767382 
281.4609310976 39.5518024588 
248.1390837677 45.2142664468 
264.3757569381 41.7917340110 
278.9789246922 39.8186635445 
264.1875785359 42.0052846675 
248.3705124755 44.8745215836 
260.7600245799 42.5555343315 
289.9952802533 38.7083373364 
- 
302.1662726544 38.0456471776 
302.1662726544 38.0456471776 
247.4263419225 46.6503439605 
247.4263419225 46.6503439605 
275.6341457588 40.0211785122 
289.9952802533 38.7083373364 
271.3378589455 40.7006131584 
248.1390837677 45.2142664468 
249.5496852020 44.0080767382 
260.7600245799 42.5555343315 
281.4609310976 39.5518024588 
293.8523130303 38.3669293179 
259.4148192976 43.0210845314 
252.1955737245 43.7057682749 
248.3705124755 44.8745215836 
264.1875785359 42.0052846675 
268.6230112006 40.9354348100 
285.0805039916 39.0468649390 
252.1955737245 43.7057682749 
293.8523130303 38.3669293179 
- 
302.1662726544 38.0456471776 
302.1662726544 38.0456471776 
247.4263419225 46.6503439605 
247.4263419225 46.6503439605 
264.1875785359 42.0052846675 
275.6341457588 40.0211785122 
268.6230112006 40.9354348100 
259.4148192976 43.0210845314 
285.0805039916 39.0468649390 
281.4609310976 39.5518024588 
289.9952802533 38.7083373364 
293.8523130303 38.3669293179 
248.1390837677 45.2142664468 
248.3705124755 44.8745215836 
252.1955737245 43.7057682749 
260.7600245799 42.5555343315 
249.5496852020 44.0080767382 
271.3378589455 40.7006131584 
282.8257074008 39.4068580684 
252.1955737245 43.7057682749 
- 
302.1662726544 38.0456471776 
302.1662726544 38.0456471776 
247.4263419225 46.6503439605 
247.4263419225 46.6503439605 
275.6341457588 40.0211785122 
259.4148192976 43.0210845314 
271.3378589455 40.7006131584 
268.6230112006 40.9354348100 
266.3152163065 41.7037113284 
281.4609310976 39.5518024588 
264.1875785359 42.0052846675 
294.2506220764 38.3667364977 
248.1390837677 45.2142664468 
285.0805039916 39.0468649390 
252.1955737245 43.7057682749 
260.7600245799 42.5555343315 
289.6361634699 38.7295218109 
252.1955737245 43.7057682749 
249.0404006703 44.2272070304 
289.9952802533 38.7083373364 
- 
302.1662726544 38.0456471776 
302.1662726544 38.0456471776 
247.4263419225 46.6503439605 
247.4263419225 46.6503439605 
248.1390837677 45.2142664468 
259.4148192976 43.0210845314 
281.4609310976 39.5518024588 
249.0404006703 44.2272070304 
285.0805039916 39.0468649390 
271.1967804265 40.6420848875 
268.6230112006 40.9354348100 
252.1955737245 43.7057682749 
294.2506220764 38.3667364977 
275.6341457588 40.0211785122 
266.3152163065 41.7037113284 
264.1875785359 42.0052846675 
252.1955737245 43.7057682749 
275.6341457588 40.0211785122 
289.6361634699 38.7295218109 
289.9952802533 38.7083373364 
- 
302.1662726544 38.0456471776 
302.1662726544 38.0456471776 
247.4263419225 46.6503439605 
247.4263419225 46.6503439605 
259.4148192976 43.0210845314 
248.1390837677 45.2142664468 
294.2506220764 38.3667364977 
285.0805039916 39.0468649390 
264.1875785359 42.0052846675 
271.1967804265 40.6420848875 
275.6341457588 40.0211785122 
268.6230112006 40.9354348100 
281.4609310976 39.5518024588 
266.3152163065 41.7037113284 
249.0404006703 44.2272070304 
252.1955737245 43.7057682749 
275.6341457588 40.0211785122 
281.4609310976 39.5518024588 
250.7378573897 43.7886463740 
252.1955737245 43.7057682749 
- 
302.1662726544 38.0456471776 
302.1662726544 38.0456471776 
247.4263419225 46.6503439605 
247.4263419225 46.6503439605 
259.4148192976 43.0210845314 
248.1390837677 45.2142664468 
264.1875785359 42.0052846675 
252.1238995549 43.7032781093 
271.1967804265 40.6420848875 
285.0805039916 39.0468649390 
294.2506220764 38.3667364977 
294.2506220764 38.3667364977 
277.9969382083 39.8587923183 
249.0404006703 44.2272070304 
285.0805039916 39.0468649390 
268.6230112006 40.9354348100 
266.3152163065 41.7037113284 
281.4609310976 39.5518024588 
250.7378573897 43.7886463740 
275.6341457588 40.0211785122 
- 
302.1662726544 38.0456471776 
302.1662726544 38.0456471776 
247.4263419225 46.6503439605 
247.4263419225 46.6503439605 
259.4148192976 43.0210845314 
248.1390837677 45.2142664468 
252.1238995549 43.7032781093 
285.5429660775 39.0068436199 
294.2506220764 38.3667364977 
275.6341457588 40.0211785122 
249.0404006703 44.2272070304 
263.8869067171 42.1304708393 
294.2506220764 38.3667364977 
271.1967804265 40.6420848875 
277.9969382083 39.8587923183 
266.3152163065 41.7037113284 
268.6230112006 40.9354348100 
281.5361341763 39.5434122771 
250.7378573897 43.7886463740 
281.4609310976 39.5518024588 
- 
302.1662726544 38.0456471776 
302.1662726544 38.0456471776 
247.4263419225 46.6503439605 
247.4263419225 46.6503439605 
252.1238995549 43.7032781093 
285.5429660775 39.0068436199 
259.4148192976 43.0210845314 
294.2506220764 38.3667364977 
275.6341457588 40.0211785122 
268.6230112006 40.9354348100 
294.2506220764 38.3667364977 
248.1390837677 45.2142664468 
259.4148192976 43.0210845314 
263.8869067171 42.1304708393 
249.0404006703 44.2272070304 
285.2428188602 39.0610041481 
266.3152163065 41.7037113284 
263.8869067171 42.1304708393 
248.1390837677 45.2142664468 
281.5361341763 39.5434122771 
- 
302.1662726544 38.0456471776 
302.1662726544 38.0456471776 
247.4263419225 46.6503439605 
247.4263419225 46.6503439605 
281.5361341763 39.5434122771 
275.6341457588 40.0211785122 
252.1238995549 43.7032781093 
285.5429660775 39.0068436199 
268.6230112006 40.9354348100 
266.3152163065 41.7037113284 
294.2506220764 38.3667364977 
249.0404006703 44.2272070304 
294.2506220764 38.3667364977 
260.0616454409 42.7853685904 
248.1390837677 45.2142664468 
259.4148192976 43.0210845314 
271.7700337651 40.4630867094 
285.2428188602 39.0610041481 
248.1390837677 45.2142664468 
272.6578762216 40.3381938980 
- 
302.1662726544 38.0456471776 
302.1662726544 38.0456471776 
247.4263419225 46.6503439605 
247.4263419225 46.6503439605 
252.1238995549 43.7032781093 
280.7116827284 39.5272075945 
266.3152163065 41.7037113284 
259.4148192976 43.0210845314 
249.0404006703 44.2272070304 
285.5429660775 39.0068436199 
268.6230112006 40.9354348100 
275.6341457588 40.0211785122 
264.9326122843 42.7497028972 
294.2506220764 38.3667364977 
294.2506220764 38.3667364977 
248.1390837677 45.2142664468 
260.0616454409 42.7853685904 
248.1390837677 45.2142664468 
272.6578762216 40.3381938980 
285.2428188602 39.0610041481 
- 
302.1662726544 38.0456471776 
302.1662726544 38.0456471776 
247.4263419225 46.6503439605 
247.4263419225 46.6503439605 
266.3152163065 41.7037113284 
252.1238995549 43.7032781093 
259.4148192976 43.0210845314 
260.4893229818 42.5686135326 
272.6578762216 40.3381938980 
290.8076256535 38.5443322130 
280.7116827284 39.5272075945 
248.1390837677 45.2142664468 
278.6831468010 39.8042656018 
285.2428188602 39.0610041481 
294.2506220764 38.3667364977 
269.1065941071 40.9040646083 
248.8820109745 44.5809563712 
285.5429660775 39.0068436199 
268.6230112006 40.9354348100 
249.0404006703 44.2272070304 
- 
302.1662726544 38.0456471776 
302.1662726544 38.0456471776 
247.4263419225 46.6503439605 
247.4263419225 46.6503439605 
266.3152163065 41.7037113284 
252.1238995549 43.7032781093 
248.1390837677 45.2142664468 
294.2506220764 38.3667364977 
272.6578762216 40.3381938980 
290.8076256535 38.5443322130 
280.7116827284 39.5272075945 
259.4148192976 43.0210845314 
277.4216819139 39.9430888564 
260.4893229818 42.5686135326 
286.7412446207 39.0054612543 
285.2428188602 39.0610041481 
268.6230112006 40.9354348100 
269.1065941071 40.9040646083 
248.8820109745 44.5809563712 
260.4893229818 42.5686135326 
- 
302.1662726544 38.0456471776 
302.1662726544 38.0456471776 
247.4263419225 46.6503439605 
247.4263419225 46.6503439605 
252.1238995549 43.7032781093 
266.2470850175 41.6066989403 
259.4148192976 43.0210845314 
260.5698264175 42.5493893560 
248.1390837677 45.2142664468 
285.2428188602 39.0610041481 
294.2506220764 38.3667364977 
286.4578688424 38.9913420414 
280.7116827284 39.5272075945 
272.6578762216 40.3381938980 
248.8820109745 44.5809563712 
290.7658221814 38.5443570850 
272.8862563687 40.3310819520 
277.3443416940 39.9547101064 
248.8820109745 44.5809563712 
280.2887804785 39.6327553985 
- 
302.1662726544 38.0456471776 
302.1662726544 38.0456471776 
247.4263419225 46.6503439605 
247.4263419225 46.6503439605 
266.2470850175 41.6066989403 
252.1238995549 43.7032781093 
260.5698264175 42.5493893560 
248.1390837677 45.2142664468 
272.0750268340 40.7039793528 
259.4148192976 43.0210845314 
294.2506220764 38.3667364977 
285.2428188602 39.0610041481 
290.7658221814 38.5443570850 
286.4578688424 38.9913420414 
280.7116827284 39.5272075945 
248.8820109745 44.5809563712 
248.8820109745 44.5809563712 
277.3443416940 39.9547101064 
273.9056693528 40.2879439695 
276.4354098040 39.9752475240 
- 
302.1662726544 38.0456471776 
302.1662726544 38.0456471776 
247.4263419225 46.6503439605 
247.4263419225 46.6503439605 
266.2470850175 41.6066989403 
272.0750268340 40.7039793528 
260.5698264175 42.5493893560 
259.4148192976 43.0210845314 
252.1238995549 43.7032781093 
248.1390837677 45.2142664468 
280.7116827284 39.5272075945 
294.2506220764 38.3667364977 
251.2020530594 44.1457419128 
277.3443416940 39.9547101064 
248.8820109745 44.5809563712 
290.7658221814 38.5443570850 
294.2506220764 38.3667364977 
290.7658221814 38.5443570850 
276.4354098040 39.9752475240 
285.2428188602 39.0610041481 
- 
302.1662726544 38.0456471776 
302.1662726544 38.0456471776 
247.4263419225 46.6503439605 
247.4263419225 46.6503439605 
266.2470850175 41.6066989403 
270.5592442391 40.6708960810 
252.1238995549 43.7032781093 
248.1390837677 45.2142664468 
280.7116827284 39.5272075945 
276.4354098040 39.9752475240 
259.4148192976 43.0210845314 
248.8820109745 44.5809563712 
285.2428188602 39.0610041481 
294.2506220764 38.3667364977 
251.2020530594 44.1457419128 
260.5698264175 42.5493893560 
285.1213583486 39.0681391911 
260.5698264175 42.5493893560 
277.3443416940 39.9547101064 
290.7658221814 38.5443570850 
- 
302.1662726544 38.0456471776 
302.1662726544 38.0456471776 
247.4263419225 46.6503439605 
247.4263419225 46.6503439605 
259.4148192976 43.0210845314 
248.1238717992 45.2139948566 
252.1238995549 43.7032781093 
290.7658221814 38.5443570850 
265.5339412874 41.6302687917 
271.4894131347 40.5178489904 
269.6133483057 41.3744190797 
280.7116827284 39.5272075945 
294.5150409474 38.3552112964 
248.8820109745 44.5809563712 
276.4354098040 39.9752475240 
285.2428188602 39.0610041481 
285.1213583486 39.0681391911 
270.5592442391 40.6708960810 
260.5698264175 42.5493893560 
251.2020530594 44.1457419128 
- 
302.1662726544 38.0456471776 
302.1662726544 38.0456471776 
247.4263419225 46.6503439605 
247.4263419225 46.6503439605 
265.5339412874 41.6302687917 
259.4148192976 43.0210845314 
276.4354098040 39.9752475240 
252.1238995549 43.7032781093 
260.5698264175 42.5493893560 
248.1238717992 45.2139948566 
294.5150409474 38.3552112964 
290.7658221814 38.5443570850 
280.7116827284 39.5272075945 
269.6133483057 41.3744190797 
271.4894131347 40.5178489904 
248.8820109745 44.5809563712 
285.2428188602 39.0610041481 
251.2020530594 44.1457419128 
284.4022450989 39.1923772812 
270.5592442391 40.6708960810 
- 
302.1662726544 38.0456471776 
302.1662726544 38.0456471776 
247.4263419225 46.6503439605 
247.4263419225 46.6503439605 
276.4354098040 39.9752475240 
252.1238995549 43.7032781093 
294.5150409474 38.3552112964 
260.5698264175 42.5493893560 
290.7658221814 38.5443570850 
271.4894131347 40.5178489904 
265.5339412874 41.6302687917 
248.1238717992 45.2139948566 
248.8820109745 44.5809563712 
285.6729444858 39.0061765457 
259.4148192976 43.0210845314 
280.7116827284 39.5272075945 
284.4022450989 39.1923772812 
269.6133483057 41.3744190797 
265.5339412874 41.6302687917 
270.5592442391 40.6708960810 
- 
302.1662726544 38.0456471776 
302.1662726544 38.0456471776 
247.4263419225 46.6503439605 
247.4263419225 46.6503439605 
252.1238995549 43.7032781093 
259.4148192976 43.0210845314 
276.4354098040 39.9752475240 
248.1238717992 45.2139948566 
294.5150409474 38.3552112964 
260.5698264175 42.5493893560 
290.7658221814 38.5443570850 
280.7116827284 39.5272075945 
264.7647002442 41.7779614761 
285.6729444858 39.0061765457 
271.4894131347 40.5178489904 
249.6830904983 44.4315125375 
269.6133483057 41.3744190797 
248.8820109745 44.5809563712 
283.8353287246 39.2050596872 
270.5592442391 40.6708960810 
- 
302.1662726544 38.0456471776 
302.1662726544 38.0456471776 
247.4263419225 46.6503439605 
247.4263419225 46.6503439605 
259.4148192976 43.0210845314 
276.4354098040 39.9752475240 
252.1238995549 43.7032781093 
248.1238717992 45.2139948566 
294.5150409474 38.3552112964 
264.7647002442 41.7779614761 
260.5698264175 42.5493893560 
285.6729444858 39.0061765457 
271.4894131347 40.5178489904 
283.8353287246 39.2050596872 
290.6730602430 38.5587256954 
269.6133483057 41.3744190797 
268.8922732324 41.6124312120 
270.5592442391 40.6708960810 
280.7116827284 39.5272075945 
251.0783916559 44.0482450816 
- 
302.1662726544 38.0456471776 
302.1662726544 38.0456471776 
247.4263419225 46.6503439605 
247.4263419225 46.6503439605 
248.1051873809 45.2135871090 
252.1238995549 43.7032781093 
294.5150409474 38.3552112964 
264.7647002442 41.7779614761 
251.0783916559 44.0482450816 
260.5698264175 42.5493893560 
290.6730602430 38.5587256954 
285.6729444858 39.0061765457 
280.7116827284 39.5272075945 
259.4148192976 43.0210845314 
271.7495710509 40.5142438980 
276.4354098040 39.9752475240 
269.6133483057 41.3744190797 
276.4354098040 39.9752475240 
268.8922732324 41.6124312120 
270.5592442391 40.6708960810 
- 
302.1662726544 38.0456471776 
302.1662726544 38.0456471776 
247.4263419225 46.6503439605 
247.4263419225 46.6503439605 
248.1051873809 45.2135871090 
259.4148192976 43.0210845314 
252.1238995549 43.7032781093 
294.5150409474 38.3552112964 
264.7647002442 41.7779614761 
285.6729444858 39.0061765457 
290.6730602430 38.5587256954 
251.0783916559 44.0482450816 
284.4269040778 39.2308624367 
273.1730056310 40.4424290831 
269.6133483057 41.3744190797 
270.5592442391 40.6708960810 
280.7116827284 39.5272075945 
260.5698264175 42.5493893560 
279.7400514363 39.6513865511 
276.4354098040 39.9752475240 
- 
302.1662726544 38.0456471776 
302.1662726544 38.0456471776 
247.4263419225 46.6503439605 
247.4263419225 46.6503439605 
248.1051873809 45.2135871090 
259.4148192976 43.0210845314 
252.1238995549 43.7032781093 
294.5150409474 38.3552112964 
251.0783916559 44.0482450816 
260.5698264175 42.5493893560 
273.1730056310 40.4424290831 
284.4269040778 39.2308624367 
288.9461186512 38.9553347163 
264.7647002442 41.7779614761 
267.4684045829 41.5630841658 
280.7116827284 39.5272075945 
269.6133483057 41.3744190797 
290.6730602430 38.5587256954 
276.4354098040 39.9752475240 
270.5592442391 40.6708960810 
- 
302.1662726544 38.0456471776 
302.1662726544 38.0456471776 
247.4263419225 46.6503439605 
247.4263419225 46.6503439605 
248.1051873809 45.2135871090 
259.4148192976 43.0210845314 
252.1238995549 43.7032781093 
294.5150409474 38.3552112964 
264.7647002442 41.7779614761 
284.4269040778 39.2308624367 
251.0783916559 44.0482450816 
288.9461186512 38.9553347163 
273.1730056310 40.4424290831 
261.3805892784 42.5253561602 
280.7116827284 39.5272075945 
290.6730602430 38.5587256954 
269.0605972623 41.2273491758 
267.4684045829 41.5630841658 
276.3150565990 39.9758588000 
279.7715147594 39.9524491728 
- 
302.1662726544 38.0456471776 
302.1662726544 38.0456471776 
247.4263419225 46.6503439605 
247.4263419225 46.6503439605 
273.1730056310 40.4424290831 
252.1238995549 43.7032781093 
251.0540979289 43.9924653077 
264.7647002442 41.7779614761 
248.1051873809 45.2135871090 
261.3805892784 42.5253561602 
294.5150409474 38.3552112964 
269.0605972623 41.2273491758 
288.9461186512 38.9553347163 
248.1051873809 45.2135871090 
259.4148192976 43.0210845314 
276.3150565990 39.9758588000 
279.7715147594 39.9524491728 
284.4269040778 39.2308624367 
259.4148192976 43.0210845314 
281.1923029701 39.4303000491 
- 
302.1662726544 38.0456471776 
302.1662726544 38.0456471776 
247.4263419225 46.6503439605 
247.4263419225 46.6503439605 
294.5150409474 38.3552112964 
264.7647002442 41.7779614761 
288.9461186512 38.9553347163 
252.1238995549 43.7032781093 
251.0540979289 43.9924653077 
261.3805892784 42.5253561602 
248.1051873809 45.2135871090 
269.0605972623 41.2273491758 
273.1730056310 40.4424290831 
284.4269040778 39.2308624367 
259.4148192976 43.0210845314 
272.1447733340 41.0791724893 
248.1051873809 45.2135871090 
279.0112772320 39.6485910168 
281.1923029701 39.4303000491 
259.4148192976 43.0210845314 
- 
302.1662726544 38.0456471776 
302.1662726544 38.0456471776 
247.4263419225 46.6503439605 
247.4263419225 46.6503439605 
288.4768114613 38.8909023518 
252.1238995549 43.7032781093 
251.0540979289 43.9924653077 
248.1051873809 45.2135871090 
294.5150409474 38.3552112964 
264.7647002442 41.7779614761 
273.6478461813 40.3970735995 
284.4269040778 39.2308624367 
259.4148192976 43.0210845314 
296.0263196090 38.2363005946 
261.3805892784 42.5253561602 
272.1447733340 41.0791724893 
248.1051873809 45.2135871090 
263.6540841672 42.1779606576 
281.1923029701 39.4303000491 
279.0112772320 39.6485910168 
- 
302.1662726544 38.0456471776 
302.1662726544 38.0456471776 
247.4263419225 46.6503439605 
247.4263419225 46.6503439605 
269.7607647370 41.2827427137 
264.7647002442 41.7779614761 
294.5150409474 38.3552112964 
249.3466777500 44.3732890308 
284.4269040778 39.2308624367 
259.4148192976 43.0210845314 
248.1051873809 45.2135871090 
273.6478461813 40.3970735995 
261.3805892784 42.5253561602 
272.1447733340 41.0791724893 
252.1238995549 43.7032781093 
288.4768114613 38.8909023518 
263.6540841672 42.1779606576 
288.4768114613 38.8909023518 
279.0112772320 39.6485910168 
296.0263196090 38.2363005946 
- 
