3.767615, 0.005307, 0.000250, 1.501092, 
3.767615, 0.005307, 0.000250, 1.501092, 
4.393210, 0.005710, 0.000250, 1.746930, 
4.945942, 0.005710, 0.000250, 2.181728, 
6.067574, 0.005307, 0.000250, 0.184200, 
5.300562, 0.115787, 0.105318, 0.580678, 
5.352658, 0.127350, 0.109611, 2.600561, 
4.989882, 0.192201, 0.109611, 2.600561, 
5.395767, 0.192201, 0.109611, 2.600561, 
5.608419, 0.235574, 0.133147, 6.766494, 
5.608419, 0.260196, 0.158191, 6.766494, 
5.303581, 0.366388, 0.118122, 2.562226, 
5.491086, 0.441056, 0.139657, 3.511550, 
5.350486, 0.510619, 0.184528, 5.130232, 
5.350486, 0.570365, 0.209828, 5.130232, 
5.350486, 0.570365, 0.209828, 5.130232, 
5.608419, 0.667620, 0.212887, 6.374868, 
6.036380, 0.667620, 0.212887, 6.374868, 
5.740787, 0.775272, 0.228476, 11.070777, 
5.740787, 0.775272, 0.228476, 11.070777, 
