                     lcoh    cumulative probability 
                 5.187170                  0.000020
                 5.245850                  0.000080
                 5.304530                  0.000130
                 5.363210                  0.000200
                 5.421890                  0.000340
                 5.480570                  0.000700
                 5.539251                  0.001020
                 5.597931                  0.001610
                 5.656611                  0.002470
                 5.715291                  0.003370
                 5.773971                  0.004580
                 5.832651                  0.006320
                 5.891331                  0.008430
                 5.950012                  0.011080
                 6.008692                  0.014410
                 6.067372                  0.018150
                 6.126052                  0.023140
                 6.184732                  0.028540
                 6.243412                  0.035070
                 6.302092                  0.042460
                 6.360773                  0.051370
                 6.419453                  0.061500
                 6.478133                  0.072250
                 6.536813                  0.084260
                 6.595493                  0.097230
                 6.654173                  0.111060
                 6.712854                  0.126370
                 6.771534                  0.143090
                 6.830214                  0.160620
                 6.888894                  0.179630
                 6.947574                  0.199800
                 7.006254                  0.221360
                 7.064934                  0.243780
                 7.123615                  0.267460
                 7.182295                  0.291040
                 7.240975                  0.315400
                 7.299655                  0.340160
                 7.358335                  0.365750
                 7.417015                  0.391620
                 7.475695                  0.417790
                 7.534376                  0.444030
                 7.593056                  0.470460
                 7.651736                  0.496770
                 7.710416                  0.521720
                 7.769096                  0.546740
                 7.827776                  0.572800
                 7.886457                  0.598100
                 7.945137                  0.622230
                 8.003817                  0.647030
                 8.062497                  0.670300
                 8.121177                  0.693470
                 8.179857                  0.715200
                 8.238537                  0.736560
                 8.297218                  0.756030
                 8.355898                  0.774700
                 8.414578                  0.793280
                 8.473258                  0.810670
                 8.531938                  0.827190
                 8.590618                  0.842300
                 8.649298                  0.856500
                 8.707979                  0.870210
                 8.766659                  0.883110
                 8.825339                  0.895340
                 8.884019                  0.906170
                 8.942699                  0.916220
                 9.001379                  0.925200
                 9.060060                  0.934070
                 9.118740                  0.941690
                 9.177420                  0.948780
                 9.236100                  0.954990
                 9.294780                  0.960840
                 9.353460                  0.966090
                 9.412140                  0.970770
                 9.470821                  0.975000
                 9.529501                  0.978430
                 9.588181                  0.981450
                 9.646861                  0.984130
                 9.705541                  0.986540
                 9.764221                  0.988760
                 9.822901                  0.990670
                 9.881582                  0.992230
                 9.940262                  0.993490
                 9.998942                  0.994550
                10.057622                  0.995670
                10.116302                  0.996460
                10.174982                  0.997330
                10.233663                  0.998000
                10.292343                  0.998400
                10.351023                  0.998770
                10.409703                  0.999070
                10.468383                  0.999250
                10.527063                  0.999440
                10.585743                  0.999650
                10.644424                  0.999750
                10.703104                  0.999820
                10.761784                  0.999910
                10.820464                  0.999960
                10.879144                  0.999990
                10.937824                  0.999990
                10.996504                  1.000000
