                     lcoh       probability density 
                 5.187170                  0.000341
                 5.245850                  0.001022
                 5.304530                  0.000852
                 5.363210                  0.001193
                 5.421890                  0.002386
                 5.480570                  0.006135
                 5.539251                  0.005453
                 5.597931                  0.010055
                 5.656611                  0.014656
                 5.715291                  0.015337
                 5.773971                  0.020620
                 5.832651                  0.029652
                 5.891331                  0.035958
                 5.950012                  0.045160
                 6.008692                  0.056748
                 6.067372                  0.063735
                 6.126052                  0.085037
                 6.184732                  0.092024
                 6.243412                  0.111281
                 6.302092                  0.125937
                 6.360773                  0.151840
                 6.419453                  0.172631
                 6.478133                  0.183197
                 6.536813                  0.204669
                 6.595493                  0.221029
                 6.654173                  0.235684
                 6.712854                  0.260906
                 6.771534                  0.284935
                 6.830214                  0.298738
                 6.888894                  0.323960
                 6.947574                  0.343728
                 7.006254                  0.367416
                 7.064934                  0.382071
                 7.123615                  0.403544
                 7.182295                  0.401839
                 7.240975                  0.415132
                 7.299655                  0.421948
                 7.358335                  0.436093
                 7.417015                  0.440865
                 7.475695                  0.445977
                 7.534376                  0.447170
                 7.593056                  0.450408
                 7.651736                  0.448363
                 7.710416                  0.425186
                 7.769096                  0.426379
                 7.827776                  0.444102
                 7.886457                  0.431151
                 7.945137                  0.411212
                 8.003817                  0.422630
                 8.062497                  0.396557
                 8.121177                  0.394852
                 8.179857                  0.370313
                 8.238537                  0.364007
                 8.297218                  0.331799
                 8.355898                  0.318166
                 8.414578                  0.316632
                 8.473258                  0.296352
                 8.531938                  0.281526
                 8.590618                  0.257498
                 8.649298                  0.241990
                 8.707979                  0.233639
                 8.766659                  0.219836
                 8.825339                  0.208418
                 8.884019                  0.184560
                 8.942699                  0.171267
                 9.001379                  0.153033
                 9.060060                  0.151158
                 9.118740                  0.129857
                 9.177420                  0.120825
                 9.236100                  0.105828
                 9.294780                  0.099693
                 9.353460                  0.089468
                 9.412140                  0.079754
                 9.470821                  0.072086
                 9.529501                  0.058452
                 9.588181                  0.051465
                 9.646861                  0.045671
                 9.705541                  0.041070
                 9.764221                  0.037832
                 9.822901                  0.032549
                 9.881582                  0.026585
                 9.940262                  0.021472
                 9.998942                  0.018064
                10.057622                  0.019087
                10.116302                  0.013463
                10.174982                  0.014826
                10.233663                  0.011418
                10.292343                  0.006817
                10.351023                  0.006305
                10.409703                  0.005112
                10.468383                  0.003067
                10.527063                  0.003238
                10.585743                  0.003579
                10.644424                  0.001704
                10.703104                  0.001193
                10.761784                  0.001534
                10.820464                  0.000852
                10.879144                  0.000511
                10.937824                  0.000000
                10.996504                  0.000170
