387.1198601779 27.4442692409 
312.5363635725 24.2492831683 
347.2821205890 27.7472424741 
433.4547081630 35.3745966334 
407.7308905532 31.3474524826 
360.8116193070 26.3340339121 
375.1371585107 28.8886527412 
338.5940455257 28.0763748310 
362.6578835431 26.2923591154 
443.3982146766 36.3161807613 
395.2795366326 29.4373913122 
398.5554088886 31.4330553879 
427.0665310138 37.8439811113 
386.5915435322 33.1028113714 
347.8925551200 24.9942716810 
327.5888577667 23.8402196881 
386.7505514311 28.2158558109 
446.0717555870 37.4906046291 
458.6592617472 48.4696447957 
500.3210508916 40.4534801247 
- 
312.5363635725 24.2492831683 
315.2205671379 23.7799137604 
320.5875057596 22.9219077132 
327.5888577667 23.8402196881 
333.4896218899 24.8633782539 
338.5940455257 28.0763748310 
347.8925551200 24.9942716810 
342.8152309025 27.5017003418 
350.3074675858 25.1154362374 
347.2821205890 27.7472424741 
360.8116193070 26.3340339121 
360.8116193070 26.3340339121 
362.6578835431 26.2923591154 
381.2944200825 26.6941117153 
374.1329124068 26.9091666687 
387.1198601779 27.4442692409 
375.1371585107 28.8886527412 
386.7505514311 28.2158558109 
384.9184741854 29.7874495107 
387.6768126716 28.5183591913 
- 
312.5363635725 24.2492831683 
312.5363635725 24.2492831683 
315.2205671379 23.7799137604 
315.2205671379 23.7799137604 
320.5875057596 22.9219077132 
327.5888577667 23.8402196881 
330.5713160553 23.9298725691 
333.4896218899 24.8633782539 
339.3207045444 24.6796551491 
335.7966849438 25.9458407599 
334.1825699389 29.3830060043 
347.8925551200 24.9942716810 
338.5940455257 28.0763748310 
342.8152309025 27.5017003418 
350.3074675858 25.1154362374 
347.2821205890 27.7472424741 
357.9142928586 25.2618290637 
360.8116193070 26.3340339121 
360.8116193070 26.3340339121 
367.3191727725 25.4455386021 
- 
312.5363635725 24.2492831683 
312.5363635725 24.2492831683 
312.5363635725 24.2492831683 
312.5363635725 24.2492831683 
315.2205671379 23.7799137604 
315.2205671379 23.7799137604 
315.2205671379 23.7799137604 
315.2205671379 23.7799137604 
320.5875057596 22.9219077132 
315.0385882138 24.2902485634 
323.7185412100 23.6778789261 
326.6774372864 23.7090985090 
327.5888577667 23.8402196881 
330.5713160553 23.9298725691 
345.0971525383 23.9170818148 
332.1201244072 24.0784789648 
333.4896218899 24.8633782539 
339.3207045444 24.6796551491 
334.1825699389 29.3830060043 
334.1825699389 29.3830060043 
- 
320.5875057596 22.9219077132 
300.1858899707 23.7666342288 
318.9507664343 22.9798127354 
318.8907088740 23.6100293394 
312.5363635725 24.2492831683 
312.5363635725 24.2492831683 
323.6244193743 23.0678790453 
315.2205671379 23.7799137604 
315.2205671379 23.7799137604 
312.5363635725 24.2492831683 
312.5363635725 24.2492831683 
312.5363635725 24.2492831683 
312.5363635725 24.2492831683 
312.5363635725 24.2492831683 
312.5363635725 24.2492831683 
315.2205671379 23.7799137604 
315.2205671379 23.7799137604 
315.2205671379 23.7799137604 
315.2205671379 23.7799137604 
315.2205671379 23.7799137604 
- 
320.5875057596 22.9219077132 
320.5875057596 22.9219077132 
300.1858899707 23.7666342288 
300.1858899707 23.7666342288 
318.9507664343 22.9798127354 
318.8907088740 23.6100293394 
319.4232913429 22.9512284637 
317.6456757020 23.6220759694 
315.6472864439 23.7479161214 
312.4179864999 24.2736919448 
323.6244193743 23.0678790453 
323.6244193743 23.0678790453 
315.2331461069 23.7785759069 
312.6092786749 24.2297995817 
315.2205671379 23.7799137604 
315.2205671379 23.7799137604 
312.5363635725 24.2492831683 
312.5363635725 24.2492831683 
312.5363635725 24.2492831683 
312.5363635725 24.2492831683 
- 
320.5875057596 22.9219077132 
320.5875057596 22.9219077132 
320.5875057596 22.9219077132 
320.5875057596 22.9219077132 
300.1858899707 23.7666342288 
300.1858899707 23.7666342288 
300.1858899707 23.7666342288 
318.9507664343 22.9798127354 
319.4232913429 22.9512284637 
289.4129826141 24.1054494338 
318.8115405554 22.9827978762 
310.3743193945 23.3236835674 
305.3852674184 24.0044873728 
323.6244193743 23.0678790453 
323.6244193743 23.0678790453 
317.4015792489 23.5421826965 
315.1465606250 23.7888840478 
315.6472864439 23.7479161214 
315.2331461069 23.7785759069 
315.2205671379 23.7799137604 
- 
300.1858899707 23.7666342288 
300.1858899707 23.7666342288 
300.1858899707 23.7666342288 
300.1858899707 23.7666342288 
300.1858899707 23.7666342288 
289.4129826141 24.1054494338 
289.4129826141 24.1054494338 
310.3743193945 23.3236835674 
310.3743193945 23.3236835674 
315.0602872109 22.8219207779 
301.7794471901 24.4324330553 
320.5875057596 22.9219077132 
320.5875057596 22.9219077132 
304.2921175893 23.8910225017 
316.1480114786 23.4872064299 
315.1465606250 23.7888840478 
318.8115405554 22.9827978762 
315.6472864439 23.7479161214 
318.8115405554 22.9827978762 
319.4232913429 22.9512284637 
- 
289.4129826141 24.1054494338 
289.4129826141 24.1054494338 
289.4129826141 24.1054494338 
310.3743193945 23.3236835674 
310.3743193945 23.3236835674 
310.3743193945 23.3236835674 
289.1342391537 24.1249191182 
315.0569130451 22.8217930326 
293.5136150908 23.6609615372 
315.0602872109 22.8219207779 
300.1858899707 23.7666342288 
300.1858899707 23.7666342288 
310.3797192967 23.3238953777 
301.0676166015 23.7609290166 
300.1858899707 23.7666342288 
300.1858899707 23.7666342288 
300.1858899707 23.7666342288 
300.1858899707 23.7666342288 
300.1858899707 23.7666342288 
300.1858899707 23.7666342288 
- 
289.4129826141 24.1054494338 
289.4129826141 24.1054494338 
289.4129826141 24.1054494338 
289.4129826141 24.1054494338 
289.4129826141 24.1054494338 
289.1342391537 24.1249191182 
293.5136150908 23.6609615372 
291.9965825373 23.7877572454 
314.4520329659 22.5839489515 
312.0227662546 22.7148754121 
302.9581824639 23.1745174505 
293.8964790816 24.2833125408 
315.0569130451 22.8217930326 
296.7218870163 23.7384954735 
309.1759587951 23.6517847919 
310.3743193945 23.3236835674 
310.3743193945 23.3236835674 
310.3743193945 23.3236835674 
310.3743193945 23.3236835674 
310.3743193945 23.3236835674 
- 
289.4129826141 24.1054494338 
289.4129826141 24.1054494338 
289.4129826141 24.1054494338 
289.4129826141 24.1054494338 
289.4129826141 24.1054494338 
289.4129826141 24.1054494338 
289.4129826141 24.1054494338 
289.4129826141 24.1054494338 
289.4129826141 24.1054494338 
289.1342391537 24.1249191182 
293.5136150908 23.6609615372 
291.9965825373 23.7877572454 
314.4520329659 22.5839489515 
302.9581824639 23.1745174505 
288.9565700788 24.1587872531 
289.6810827434 24.0780360752 
292.4462361340 23.7010548585 
303.7836188794 22.6603121614 
292.7823028329 23.7106371910 
312.0227662546 22.7148754121 
- 
314.4520329659 22.5839489515 
314.4520329659 22.5839489515 
286.7706797655 24.2650383371 
299.3174312929 22.9859351873 
296.0233217243 23.5213702136 
303.7836188794 22.6603121614 
301.8381366207 22.7536906302 
291.9965825373 23.7877572454 
293.5136150908 23.6609615372 
289.6810827434 24.0780360752 
292.4462361340 23.7010548585 
289.6810827434 24.0780360752 
288.9565700788 24.1587872531 
288.9565700788 24.1587872531 
289.1296682388 24.1256175659 
289.4183980074 24.1048250371 
289.1342391537 24.1249191182 
289.4129826141 24.1054494338 
289.4129826141 24.1054494338 
289.4129826141 24.1054494338 
- 
314.4520329659 22.5839489515 
314.4520329659 22.5839489515 
286.7706797655 24.2650383371 
294.4121560012 23.4018542201 
303.7836188794 22.6603121614 
299.2631456580 23.0507548264 
301.8381366207 22.7536906302 
291.9965825373 23.7877572454 
299.3174312929 22.9859351873 
293.5136150908 23.6609615372 
289.6810827434 24.0780360752 
288.0249222486 24.1330727475 
289.6810827434 24.0780360752 
292.4462361340 23.7010548585 
292.5055850060 23.6718669377 
289.1296682388 24.1256175659 
289.1342391537 24.1249191182 
289.5576190807 24.0918773323 
289.5937188509 24.0862174769 
289.4129826141 24.1054494338 
- 
314.4520329659 22.5839489515 
314.4520329659 22.5839489515 
314.4520329659 22.5839489515 
286.7706797655 24.2650383371 
294.4121560012 23.4018542201 
303.7836188794 22.6603121614 
301.8381366207 22.7536906302 
299.3174312929 22.9859351873 
299.3174312929 22.9859351873 
288.0249222486 24.1330727475 
288.0249222486 24.1330727475 
289.1296682388 24.1256175659 
289.1342391537 24.1249191182 
290.3028534698 23.6191127844 
289.1629356436 23.7509354739 
299.2029285458 23.0475565557 
304.0961245101 22.6529736501 
302.1568776743 22.7622677483 
289.3827068723 24.1091785609 
299.2631456580 23.0507548264 
- 
314.4520329659 22.5839489515 
314.4520329659 22.5839489515 
285.5463576509 24.3362096442 
294.4121560012 23.4018542201 
295.6019279452 23.0827932464 
304.0961245101 22.6529736501 
289.1629356436 23.7509354739 
289.1342391537 24.1249191182 
291.1677915946 23.6008757506 
301.8381366207 22.7536906302 
299.2029285458 23.0475565557 
286.8221254310 24.1252863279 
290.3028534698 23.6191127844 
299.3174312929 22.9859351873 
299.3174312929 22.9859351873 
302.5472889180 22.7333894733 
286.7706797655 24.2650383371 
303.7836188794 22.6603121614 
286.7689805758 24.2981503159 
304.0961245101 22.6529736501 
- 
314.4520329659 22.5839489515 
314.4520329659 22.5839489515 
285.0321369982 24.6957008472 
294.4121560012 23.4018542201 
304.0961245101 22.6529736501 
297.8862403726 22.9672967022 
301.8013996308 22.7528095743 
295.6019279452 23.0827932464 
288.8077319880 23.9933254384 
285.5463576509 24.3362096442 
291.1677915946 23.6008757506 
286.8221254310 24.1252863279 
289.1629356436 23.7509354739 
290.3028534698 23.6191127844 
296.4418551284 22.9987783867 
286.7706797655 24.2650383371 
303.0161889463 22.6871891929 
286.7689805758 24.2981503159 
289.1629356436 23.7509354739 
302.5472889180 22.7333894733 
- 
314.4520329659 22.5839489515 
314.4520329659 22.5839489515 
285.0321369982 24.6957008472 
293.3734914234 23.3633677099 
304.0961245101 22.6529736501 
286.7435497386 24.1181996865 
295.6019279452 23.0827932464 
301.8013996308 22.7528095743 
288.5167457190 23.9126234898 
291.1677915946 23.6008757506 
288.5310316985 23.7350108506 
285.0545797280 24.3373832758 
285.5463576509 24.3362096442 
297.8862403726 22.9672967022 
297.8862403726 22.9672967022 
303.0161889463 22.6871891929 
296.4418551284 22.9987783867 
290.3028534698 23.6191127844 
302.5472889180 22.7333894733 
304.0961245101 22.6529736501 
- 
314.4520329659 22.5839489515 
314.4520329659 22.5839489515 
285.0321369982 24.6957008472 
304.0961245101 22.6529736501 
293.3734914234 23.3633677099 
286.7435497386 24.1181996865 
301.8013996308 22.7528095743 
287.9403363993 23.9031985310 
291.1677915946 23.6008757506 
294.6041255121 23.2029255154 
285.0545797280 24.3373832758 
285.5463576509 24.3362096442 
295.6019279452 23.0827932464 
290.2723254224 23.6185991289 
297.8862403726 22.9672967022 
297.8862403726 22.9672967022 
288.5310316985 23.7350108506 
296.4418551284 22.9987783867 
302.9371967635 22.6801882793 
288.5310316985 23.7350108506 
- 
314.4520329659 22.5839489515 
314.4520329659 22.5839489515 
285.0321369982 24.6957008472 
304.0961245101 22.6529736501 
285.0545797280 24.3373832758 
301.8013996308 22.7528095743 
285.4020677539 24.2575197867 
295.6019279452 23.0827932464 
290.2723254224 23.6185991289 
297.8862403726 22.9672967022 
297.8862403726 22.9672967022 
286.7435497386 24.1181996865 
301.8013996308 22.7528095743 
288.5310316985 23.7350108506 
294.6041255121 23.2029255154 
296.4418551284 22.9987783867 
287.9403363993 23.9031985310 
287.9403363993 23.9031985310 
294.0262228979 23.2539213708 
291.1677915946 23.6008757506 
- 
314.4520329659 22.5839489515 
314.4520329659 22.5839489515 
285.0321369982 24.6957008472 
304.0961245101 22.6529736501 
301.4886474283 22.7449325329 
292.2874017343 23.4997089130 
286.7435497386 24.1181996865 
297.9261990186 22.9666410003 
285.0545797280 24.3373832758 
294.0262228979 23.2539213708 
288.5310316985 23.7350108506 
285.4020677539 24.2575197867 
295.6019279452 23.0827932464 
294.5798184600 23.2022294926 
296.4418551284 22.9987783867 
290.7313469654 23.5937852310 
287.9403363993 23.9031985310 
287.9403363993 23.9031985310 
290.2544262187 23.6222113424 
297.8862403726 22.9672967022 
- 
314.4520329659 22.5839489515 
314.4520329659 22.5839489515 
283.7471891657 25.5331115569 
284.9182907202 24.2507170462 
304.0961245101 22.6529736501 
301.4886474283 22.7449325329 
292.2874017343 23.4997089130 
286.7435497386 24.1181996865 
290.1533072612 23.5837821824 
297.9261990186 22.9666410003 
288.5310316985 23.7350108506 
294.0262228979 23.2539213708 
287.9403363993 23.9031985310 
287.9403363993 23.9031985310 
296.4418551284 22.9987783867 
295.6019279452 23.0827932464 
295.6019279452 23.0827932464 
294.5798184600 23.2022294926 
297.2210769525 22.9959348384 
294.5798184600 23.2022294926 
- 
314.4520329659 22.5839489515 
314.4520329659 22.5839489515 
283.1506475351 25.3737105691 
304.0961245101 22.6529736501 
284.7260664970 24.2924350418 
301.4886474283 22.7449325329 
297.9261990186 22.9666410003 
290.1533072612 23.5837821824 
288.5310316985 23.7350108506 
294.0262228979 23.2539213708 
292.2874017343 23.4997089130 
286.7435497386 24.1181996865 
284.9182907202 24.2507170462 
296.0205096980 22.9914017306 
287.9403363993 23.9031985310 
287.9403363993 23.9031985310 
286.7435497386 24.1181996865 
292.2874017343 23.4997089130 
294.7169034408 23.1865087876 
295.4617122833 23.0936258805 
- 
314.4520329659 22.5839489515 
314.4520329659 22.5839489515 
283.1506475351 25.3737105691 
304.0961245101 22.6529736501 
284.7260664970 24.2924350418 
297.9261990186 22.9666410003 
286.7334343689 24.1181121068 
290.1533072612 23.5837821824 
288.5310316985 23.7350108506 
301.4886474283 22.7449325329 
294.0262228979 23.2539213708 
301.4886474283 22.7449325329 
292.3104628807 23.3951998765 
287.8567672879 23.9261880492 
295.4617122833 23.0936258805 
292.2874017343 23.4997089130 
294.6873667039 23.1860004776 
296.0205096980 22.9914017306 
284.9182907202 24.2507170462 
284.7260664970 24.2924350418 
- 
314.4520329659 22.5839489515 
314.4520329659 22.5839489515 
283.1506475351 25.3737105691 
304.0961245101 22.6529736501 
284.7260664970 24.2924350418 
297.5670051380 22.9276271359 
290.0869623937 23.5826914323 
292.0971011026 23.3781701236 
287.8567672879 23.9261880492 
288.5310316985 23.7350108506 
286.7334343689 24.1181121068 
301.4886474283 22.7449325329 
292.9425619827 23.2206328385 
301.4886474283 22.7449325329 
296.0205096980 22.9914017306 
294.6873667039 23.1860004776 
295.4617122833 23.0936258805 
285.9870935433 24.2131113562 
284.7260664970 24.2924350418 
284.9182907202 24.2507170462 
- 
314.4520329659 22.5839489515 
314.4520329659 22.5839489515 
283.1506475351 25.3737105691 
304.0961245101 22.6529736501 
284.7260664970 24.2924350418 
299.8147495381 22.7368315059 
290.0718452944 23.3468999278 
297.5670051380 22.9276271359 
292.9425619827 23.2206328385 
290.0205730777 23.5814922463 
288.5310316985 23.7350108506 
286.7334343689 24.1181121068 
296.0205096980 22.9914017306 
294.6873667039 23.1860004776 
287.8567672879 23.9261880492 
295.4617122833 23.0936258805 
285.9870935433 24.2131113562 
287.8754630350 23.8963782449 
284.7260664970 24.2924350418 
284.9182907202 24.2507170462 
- 
283.1506475351 25.3737105691 
308.9999377960 22.4474424732 
304.0961245101 22.6529736501 
284.3245273186 25.3506681492 
284.6594954717 24.3238153965 
292.9425619827 23.2206328385 
299.8147495381 22.7368315059 
290.0205730777 23.5814922463 
290.0718452944 23.3468999278 
288.5310316985 23.7350108506 
297.5670051380 22.9276271359 
294.8239231157 23.0785137297 
299.8147495381 22.7368315059 
286.7334343689 24.1181121068 
287.0662771993 23.9999488037 
297.5670051380 22.9276271359 
294.6873667039 23.1860004776 
296.0205096980 22.9914017306 
285.9870935433 24.2131113562 
296.0205096980 22.9914017306 
- 
283.1506475351 25.3737105691 
308.9999377960 22.4474424732 
304.0961245101 22.6529736501 
284.4222099426 24.4714391564 
284.3245273186 25.3506681492 
299.8147495381 22.7368315059 
292.9425619827 23.2206328385 
287.0662771993 23.9999488037 
290.0718452944 23.3468999278 
288.5310316985 23.7350108506 
288.8429452232 23.6872211823 
289.8049737895 23.3974271002 
285.8897774326 24.2119268070 
295.1718669142 22.9671620687 
284.6594954717 24.3238153965 
294.2443471757 23.1475219042 
286.7334343689 24.1181121068 
299.8147495381 22.7368315059 
297.3526977586 22.9279552519 
294.8239231157 23.0785137297 
- 
283.1506475351 25.3737105691 
308.9999377960 22.4474424732 
298.9560312582 22.7063696288 
284.3245273186 25.3506681492 
284.4222099426 24.4714391564 
304.0961245101 22.6529736501 
297.3526977586 22.9279552519 
304.0961245101 22.6529736501 
292.9425619827 23.2206328385 
287.0662771993 23.9999488037 
288.8429452232 23.6872211823 
289.8049737895 23.3974271002 
290.4277382118 23.3032797395 
295.1718669142 22.9671620687 
284.6594954717 24.3238153965 
285.8897774326 24.2119268070 
294.2443471757 23.1475219042 
288.5310316985 23.7350108506 
294.8239231157 23.0785137297 
286.7334343689 24.1181121068 
- 
283.1506475351 25.3737105691 
308.9500060240 22.4464315151 
284.4222099426 24.4714391564 
284.3245273186 25.3506681492 
298.9560312582 22.7063696288 
304.0961245101 22.6529736501 
297.3526977586 22.9279552519 
304.0961245101 22.6529736501 
287.0662771993 23.9999488037 
292.9425619827 23.2206328385 
288.5310316985 23.7350108506 
290.4277382118 23.3032797395 
288.8429452232 23.6872211823 
285.1675528589 24.1743228470 
289.8049737895 23.3974271002 
286.7334343689 24.1181121068 
284.6594954717 24.3238153965 
294.2041901320 23.1467778964 
294.8239231157 23.0785137297 
295.6050022763 22.9328042812 
- 
308.9500060240 22.4464315151 
283.0559506595 24.6269591940 
301.6400860181 22.6388031165 
297.3526977586 22.9279552519 
290.4277382118 23.3032797395 
284.4222099426 24.4714391564 
298.9560312582 22.7063696288 
288.5310316985 23.7350108506 
284.5870081040 24.3230606059 
289.4257495141 23.6282066578 
294.2041901320 23.1467778964 
299.4417074231 22.6847215418 
287.0662771993 23.9999488037 
295.6050022763 22.9328042812 
292.9425619827 23.2206328385 
289.7410137715 23.4045288496 
287.0662771993 23.9999488037 
285.1675528589 24.1743228470 
286.7334343689 24.1181121068 
294.8239231157 23.0785137297 
- 
308.9500060240 22.4464315151 
283.0559506595 24.6269591940 
301.6400860181 22.6388031165 
297.3526977586 22.9279552519 
292.2803885267 23.2007951324 
289.4257495141 23.6282066578 
298.9560312582 22.7063696288 
289.7410137715 23.4045288496 
295.6050022763 22.9328042812 
284.5870081040 24.3230606059 
294.8239231157 23.0785137297 
287.3041889039 23.8899313482 
285.1035854999 24.1735796344 
284.4222099426 24.4714391564 
288.3611605980 23.7785307816 
290.4277382118 23.3032797395 
288.5310316985 23.7350108506 
286.7334343689 24.1181121068 
294.2041901320 23.1467778964 
299.4417074231 22.6847215418 
- 
308.4349901919 22.4360827234 
282.7923237081 24.6607395102 
301.6397161665 22.6387953393 
297.3526977586 22.9279552519 
286.7334343689 24.1181121068 
287.1047735424 23.8542776384 
284.4222099426 24.4714391564 
289.4257495141 23.6282066578 
285.1035854999 24.1735796344 
284.5870081040 24.3230606059 
294.2041901320 23.1467778964 
292.2803885267 23.2007951324 
283.0559506595 24.6269591940 
299.4417074231 22.6847215418 
295.6050022763 22.9328042812 
289.7410137715 23.4045288496 
298.9560312582 22.7063696288 
291.6454671877 23.2656213918 
288.5310316985 23.7350108506 
295.0245981770 23.0175153849 
- 
308.4349901919 22.4360827234 
282.7923237081 24.6607395102 
301.6397161665 22.6387953393 
287.0264297546 23.8532236931 
297.3526977586 22.9279552519 
286.7334343689 24.1181121068 
283.0559506595 24.6269591940 
289.7410137715 23.4045288496 
290.1011414851 23.3721986974 
289.4257495141 23.6282066578 
299.4417074231 22.6847215418 
294.2041901320 23.1467778964 
284.5870081040 24.3230606059 
298.9560312582 22.7063696288 
285.1035854999 24.1735796344 
292.2803885267 23.2007951324 
288.5310316985 23.7350108506 
295.6050022763 22.9328042812 
293.1553045238 23.1539592362 
291.6454671877 23.2656213918 
- 
308.4349901919 22.4360827234 
282.7923237081 24.6607395102 
301.6397161665 22.6387953393 
284.5870081040 24.3230606059 
287.0264297546 23.8532236931 
283.1803142596 24.5698810808 
289.1740958156 23.6245007849 
294.0643557329 23.0609458183 
298.9560312582 22.7063696288 
295.6050022763 22.9328042812 
288.5310316985 23.7350108506 
286.7334343689 24.1181121068 
285.1035854999 24.1735796344 
297.3526977586 22.9279552519 
291.6454671877 23.2656213918 
289.7410137715 23.4045288496 
290.1011414851 23.3721986974 
299.4417074231 22.6847215418 
293.1553045238 23.1539592362 
292.2803885267 23.2007951324 
- 
308.4349901919 22.4360827234 
281.9478067097 24.6775513119 
299.7356030976 22.5565344551 
287.0264297546 23.8532236931 
286.7334343689 24.1181121068 
283.1803142596 24.5698810808 
295.6050022763 22.9328042812 
288.5310316985 23.7350108506 
284.8451573822 24.1700510760 
294.0643557329 23.0609458183 
297.3871480869 22.7774183049 
297.3526977586 22.9279552519 
284.5870081040 24.3230606059 
284.5870081040 24.3230606059 
289.7047795234 23.5715512531 
298.9560312582 22.7063696288 
289.1740958156 23.6245007849 
289.7410137715 23.4045288496 
299.4417074231 22.6847215418 
282.7923237081 24.6607395102 
- 
308.4349901919 22.4360827234 
308.4349901919 22.4360827234 
281.9478067097 24.6775513119 
281.9478067097 24.6775513119 
289.6249963251 23.4020291060 
294.0643557329 23.0609458183 
299.7356030976 22.5565344551 
289.1740958156 23.6245007849 
286.7334343689 24.1181121068 
288.5310316985 23.7350108506 
295.6050022763 22.9328042812 
287.0264297546 23.8532236931 
284.8451573822 24.1700510760 
297.3871480869 22.7774183049 
283.1803142596 24.5698810808 
297.2756381437 22.9260955268 
284.5870081040 24.3230606059 
284.5870081040 24.3230606059 
298.9560312582 22.7063696288 
299.4417074231 22.6847215418 
- 
308.4349901919 22.4360827234 
308.4349901919 22.4360827234 
281.9478067097 24.6775513119 
281.9478067097 24.6775513119 
299.7356030976 22.5565344551 
292.6747087764 23.3015047595 
289.6249963251 23.4020291060 
294.0643557329 23.0609458183 
287.0264297546 23.8532236931 
286.7334343689 24.1181121068 
289.1740958156 23.6245007849 
288.5310316985 23.7350108506 
295.6050022763 22.9328042812 
284.8451573822 24.1700510760 
283.5145013724 24.5451574564 
297.2756381437 22.9260955268 
297.3871480869 22.7774183049 
282.9055148470 24.5664224058 
284.5870081040 24.3230606059 
284.5870081040 24.3230606059 
- 
308.4349901919 22.4360827234 
308.4349901919 22.4360827234 
281.9478067097 24.6775513119 
281.9478067097 24.6775513119 
299.7356030976 22.5565344551 
296.6951321911 22.6921936933 
292.6747087764 23.3015047595 
295.6050022763 22.9328042812 
289.6249963251 23.4020291060 
292.8263791889 23.0030644297 
286.7334343689 24.1181121068 
288.1508559647 23.6644983156 
289.1740958156 23.6245007849 
284.8451573822 24.1700510760 
283.5145013724 24.5451574564 
287.0264297546 23.8532236931 
282.9055148470 24.5664224058 
284.5870081040 24.3230606059 
284.5870081040 24.3230606059 
287.0264297546 23.8532236931 
- 
308.4349901919 22.4360827234 
308.4349901919 22.4360827234 
281.9478067097 24.6775513119 
281.9478067097 24.6775513119 
299.7356030976 22.5565344551 
289.5945238592 23.4014498481 
292.8263791889 23.0030644297 
286.8979987892 23.8437080126 
292.6747087764 23.3015047595 
296.6951321911 22.6921936933 
295.6050022763 22.9328042812 
286.7334343689 24.1181121068 
297.7722391118 22.6016626571 
289.1740958156 23.6245007849 
284.6778682333 24.1678492472 
282.9055148470 24.5664224058 
283.4034609646 24.4649983919 
288.1508559647 23.6644983156 
284.0084820745 24.3768228006 
284.6610530098 24.2891807917 
- 
308.4349901919 22.4360827234 
308.4349901919 22.4360827234 
281.9478067097 24.6775513119 
281.9478067097 24.6775513119 
299.7356030976 22.5565344551 
289.5945238592 23.4014498481 
292.3861057696 23.1981356320 
295.6050022763 22.9328042812 
286.7334343689 24.1181121068 
296.6951321911 22.6921936933 
292.8263791889 23.0030644297 
288.1508559647 23.6644983156 
289.1740958156 23.6245007849 
286.8979987892 23.8437080126 
297.7235932897 22.6006173254 
284.6778682333 24.1678492472 
283.0364025066 24.4613237446 
282.9055148470 24.5664224058 
299.6951753271 22.5844746273 
286.8979987892 23.8437080126 
- 
308.4349901919 22.4360827234 
308.4349901919 22.4360827234 
281.9478067097 24.6775513119 
281.9478067097 24.6775513119 
299.7356030976 22.5565344551 
292.3861057696 23.1981356320 
284.0118538202 24.1603597825 
295.6050022763 22.9328042812 
286.7334343689 24.1181121068 
292.8263791889 23.0030644297 
296.6951321911 22.6921936933 
289.5945238592 23.4014498481 
289.1740958156 23.6245007849 
286.8979987892 23.8437080126 
297.7235932897 22.6006173254 
283.0364025066 24.4613237446 
289.5945238592 23.4014498481 
299.6951753271 22.5844746273 
288.0488231014 23.7417991730 
288.1508559647 23.6644983156 
- 
308.4349901919 22.4360827234 
308.4349901919 22.4360827234 
281.9478067097 24.6775513119 
281.9478067097 24.6775513119 
299.7356030976 22.5565344551 
283.0364025066 24.4613237446 
294.7469141332 22.9046097407 
296.6951321911 22.6921936933 
284.0118538202 24.1603597825 
290.6100988821 23.2651910752 
286.7334343689 24.1181121068 
291.6540612556 23.1070486416 
286.8098124671 23.8830677432 
287.4315677459 23.6981629398 
289.5945238592 23.4014498481 
292.8263791889 23.0030644297 
289.3181899536 23.5996874207 
286.8979987892 23.8437080126 
288.1508559647 23.6644983156 
297.7235932897 22.6006173254 
- 
308.4349901919 22.4360827234 
308.4349901919 22.4360827234 
281.9478067097 24.6775513119 
281.9478067097 24.6775513119 
299.7356030976 22.5565344551 
292.1951796104 22.9936460762 
285.1406972940 24.1152586105 
285.6920000572 23.8767164099 
289.5945238592 23.4014498481 
291.6540612556 23.1070486416 
284.0118538202 24.1603597825 
283.0364025066 24.4613237446 
297.7235932897 22.6006173254 
289.1231341633 23.5523693672 
294.7469141332 22.9046097407 
286.8979987892 23.8437080126 
296.4261916871 22.7368730697 
295.1513611665 22.8779768110 
283.0364025066 24.4613237446 
299.7356030976 22.5565344551 
- 
308.4349901919 22.4360827234 
308.4349901919 22.4360827234 
281.9478067097 24.6775513119 
281.9478067097 24.6775513119 
299.7356030976 22.5565344551 
289.5945238592 23.4014498481 
288.8348123079 23.5480449209 
291.6540612556 23.1070486416 
286.8979987892 23.8437080126 
292.1951796104 22.9936460762 
297.7235932897 22.6006173254 
284.0118538202 24.1603597825 
283.0364025066 24.4613237446 
294.7469141332 22.9046097407 
296.4261916871 22.7368730697 
285.1341216675 24.0015701310 
283.0364025066 24.4613237446 
299.7356030976 22.5565344551 
285.6920000572 23.8767164099 
284.0118538202 24.1603597825 
- 
308.4349901919 22.4360827234 
308.4349901919 22.4360827234 
281.9478067097 24.6775513119 
281.9478067097 24.6775513119 
299.7356030976 22.5565344551 
288.8348123079 23.5480449209 
296.4261916871 22.7368730697 
289.5945238592 23.4014498481 
291.6089316739 23.2524780698 
285.1341216675 24.0015701310 
286.8979987892 23.8437080126 
284.0118538202 24.1603597825 
283.0364025066 24.4613237446 
294.7469141332 22.9046097407 
292.1951796104 22.9936460762 
291.6540612556 23.1070486416 
297.7235932897 22.6006173254 
283.0364025066 24.4613237446 
299.7356030976 22.5565344551 
284.0118538202 24.1603597825 
- 
308.4349901919 22.4360827234 
308.4349901919 22.4360827234 
281.9478067097 24.6775513119 
281.9478067097 24.6775513119 
299.7356030976 22.5565344551 
286.8979987892 23.8437080126 
288.8348123079 23.5480449209 
283.8416167000 24.1338353825 
289.5945238592 23.4014498481 
290.7443371127 23.2364499653 
296.4261916871 22.7368730697 
283.0364025066 24.4613237446 
291.6540612556 23.1070486416 
285.1341216675 24.0015701310 
297.7235932897 22.6006173254 
295.2139170762 22.8269215499 
282.4433280750 24.5861198729 
285.4768647432 23.9496064671 
292.3797212854 22.9793764837 
294.7469141332 22.9046097407 
- 
308.4349901919 22.4360827234 
308.4349901919 22.4360827234 
281.9478067097 24.6775513119 
281.9478067097 24.6775513119 
299.7356030976 22.5565344551 
288.8348123079 23.5480449209 
283.0364025066 24.4613237446 
289.5945238592 23.4014498481 
290.6825871205 23.2354927367 
297.7235932897 22.6006173254 
296.4261916871 22.7368730697 
286.8979987892 23.8437080126 
283.6287705816 24.1311517569 
292.3797212854 22.9793764837 
291.6540612556 23.1070486416 
294.6228180121 22.8902492502 
282.4433280750 24.5861198729 
285.4768647432 23.9496064671 
285.1341216675 24.0015701310 
299.7356030976 22.5565344551 
- 
308.4349901919 22.4360827234 
308.4349901919 22.4360827234 
281.9478067097 24.6775513119 
281.9478067097 24.6775513119 
299.7356030976 22.5565344551 
283.6287705816 24.1311517569 
294.6228180121 22.8902492502 
296.4261916871 22.7368730697 
290.6825871205 23.2354927367 
297.7235932897 22.6006173254 
288.2524765485 23.7431019966 
288.8348123079 23.5480449209 
286.8979987892 23.8437080126 
283.1265229493 24.4439180075 
292.3797212854 22.9793764837 
282.4433280750 24.5861198729 
285.4768647432 23.9496064671 
299.7356030976 22.5565344551 
289.5945238592 23.4014498481 
289.5945238592 23.4014498481 
- 
308.4349901919 22.4360827234 
308.4349901919 22.4360827234 
281.9478067097 24.6775513119 
281.9478067097 24.6775513119 
299.7356030976 22.5565344551 
290.6825871205 23.2354927367 
285.4768647432 23.9496064671 
283.1265229493 24.4439180075 
283.6287705816 24.1311517569 
296.0864993409 22.7279730472 
292.3797212854 22.9793764837 
288.2524765485 23.7431019966 
297.7235932897 22.6006173254 
294.6228180121 22.8902492502 
288.8348123079 23.5480449209 
286.8979987892 23.8437080126 
294.9899263863 22.8383415023 
292.3797212854 22.9793764837 
283.6287705816 24.1311517569 
287.5487274475 23.8115788177 
- 
308.4349901919 22.4360827234 
308.4349901919 22.4360827234 
281.8411646062 24.6130592976 
299.7356030976 22.5565344551 
288.8348123079 23.5480449209 
290.6825871205 23.2354927367 
285.4768647432 23.9496064671 
297.7235932897 22.6006173254 
283.1265229493 24.4439180075 
288.2524765485 23.7431019966 
283.6287705816 24.1311517569 
284.1028918434 24.0613228603 
294.5969886828 22.8887634983 
291.2453977009 23.1051986621 
294.9899263863 22.8383415023 
286.8979987892 23.8437080126 
283.1112909485 24.4679225303 
292.7496143512 22.9558816182 
296.4142317182 22.7216491524 
296.0864993409 22.7279730472 
- 
308.4349901919 22.4360827234 
308.4349901919 22.4360827234 
281.8411646062 24.6130592976 
299.7356030976 22.5565344551 
288.8348123079 23.5480449209 
290.0901161959 23.4460279675 
297.7235932897 22.6006173254 
290.6825871205 23.2354927367 
292.7496143512 22.9558816182 
287.4749240286 23.7348864378 
285.4768647432 23.9496064671 
283.4073419535 24.1936956068 
294.5969886828 22.8887634983 
283.1265229493 24.4439180075 
294.9899263863 22.8383415023 
286.8979987892 23.8437080126 
283.1112909485 24.4679225303 
291.7301336560 23.0713646912 
291.2453977009 23.1051986621 
284.4096669617 24.0242276031 
- 
308.4349901919 22.4360827234 
308.4349901919 22.4360827234 
281.8411646062 24.6130592976 
281.8411646062 24.6130592976 
299.7356030976 22.5565344551 
297.7235932897 22.6006173254 
283.3038530798 24.1925421021 
288.2411389320 23.4845690409 
290.0901161959 23.4460279675 
290.6825871205 23.2354927367 
284.4096669617 24.0242276031 
292.7496143512 22.9558816182 
285.4768647432 23.9496064671 
287.4749240286 23.7348864378 
294.5969886828 22.8887634983 
299.7356030976 22.5565344551 
283.0597598537 24.4672359289 
294.9899263863 22.8383415023 
291.7301336560 23.0713646912 
294.9899263863 22.8383415023 
- 
308.4349901919 22.4360827234 
308.4349901919 22.4360827234 
281.3724247311 24.6079992454 
299.7356030976 22.5565344551 
285.9705403173 23.6943202846 
288.2411389320 23.4845690409 
283.0597598537 24.4672359289 
283.3038530798 24.1925421021 
290.6825871205 23.2354927367 
291.7301336560 23.0713646912 
290.0824325467 23.4458647836 
295.1081821147 22.8072377515 
284.4096669617 24.0242276031 
297.7084301628 22.6223349040 
292.7496143512 22.9558816182 
294.5969886828 22.8887634983 
285.6397340459 23.9249893146 
299.2303331663 22.6001940334 
285.4736562809 23.9475583004 
299.7356030976 22.5565344551 
- 
308.4349901919 22.4360827234 
308.4349901919 22.4360827234 
281.3724247311 24.6079992454 
299.7356030976 22.5565344551 
282.9503056679 24.4505630656 
283.3038530798 24.1925421021 
297.7084301628 22.6223349040 
295.1081821147 22.8072377515 
290.6825871205 23.2354927367 
291.7301336560 23.0713646912 
289.5883383682 23.3758972901 
284.4096669617 24.0242276031 
285.9705403173 23.6943202846 
292.7496143512 22.9558816182 
294.5969886828 22.8887634983 
288.2411389320 23.4845690409 
288.2411389320 23.4845690409 
285.6397340459 23.9249893146 
285.9705403173 23.6943202846 
285.4736562809 23.9475583004 
- 
308.4349901919 22.4360827234 
308.4349901919 22.4360827234 
281.3724247311 24.6079992454 
299.7356030976 22.5565344551 
297.7084301628 22.6223349040 
282.9503056679 24.4505630656 
295.1081821147 22.8072377515 
289.3491398917 23.3573491969 
285.3979006073 23.7639111696 
292.5867229302 22.9535214856 
283.3038530798 24.1925421021 
294.4004574689 22.8800681326 
284.7330952293 24.0195176866 
288.2411389320 23.4845690409 
288.2411389320 23.4845690409 
283.7790282216 24.1335209796 
285.9705403173 23.6943202846 
285.9705403173 23.6943202846 
290.9796462668 23.2258819559 
291.7301336560 23.0713646912 
- 
308.4349901919 22.4360827234 
308.4349901919 22.4360827234 
281.3724247311 24.6079992454 
299.7356030976 22.5565344551 
297.7084301628 22.6223349040 
282.9503056679 24.4505630656 
284.7330952293 24.0195176866 
289.3446761899 23.3567671546 
290.8481371368 23.2245292643 
285.3979006073 23.7639111696 
295.2191666724 22.8031538720 
283.3038530798 24.1925421021 
294.2815552795 22.8785411262 
288.2411389320 23.4845690409 
288.2411389320 23.4845690409 
283.7790282216 24.1335209796 
285.9705403173 23.6943202846 
285.9705403173 23.6943202846 
291.7295927867 23.0926416149 
292.5867229302 22.9535214856 
- 
308.4349901919 22.4360827234 
308.4349901919 22.4360827234 
281.3724247311 24.6079992454 
299.7356030976 22.5565344551 
295.2191666724 22.8031538720 
284.7330952293 24.0195176866 
290.8481371368 23.2245292643 
285.3979006073 23.7639111696 
282.9503056679 24.4505630656 
283.3038530798 24.1925421021 
294.2815552795 22.8785411262 
297.7084301628 22.6223349040 
289.3446761899 23.3567671546 
288.2411389320 23.4845690409 
283.7790282216 24.1335209796 
288.2411389320 23.4845690409 
291.7295927867 23.0926416149 
292.5867229302 22.9535214856 
297.7084301628 22.6223349040 
285.9705403173 23.6943202846 
- 
308.4349901919 22.4360827234 
308.4349901919 22.4360827234 
281.3724247311 24.6079992454 
299.2342763365 22.5229832107 
282.9503056679 24.4505630656 
295.2191666724 22.8031538720 
284.7330952293 24.0195176866 
289.1801943626 23.3332975606 
292.5867229302 22.9535214856 
291.7295927867 23.0926416149 
287.0104895955 23.6294789043 
294.2815552795 22.8785411262 
297.7084301628 22.6223349040 
285.3979006073 23.7639111696 
297.7084301628 22.6223349040 
283.7790282216 24.1335209796 
283.2431621680 24.1925618947 
290.8481371368 23.2245292643 
285.9705403173 23.6943202846 
288.2411389320 23.4845690409 
- 
308.4349901919 22.4360827234 
308.4349901919 22.4360827234 
281.3724247311 24.6079992454 
299.2342763365 22.5229832107 
282.9503056679 24.4505630656 
295.2191666724 22.8031538720 
284.7330952293 24.0195176866 
290.8481371368 23.2245292643 
287.0104895955 23.6294789043 
283.2431621680 24.1925618947 
294.2815552795 22.8785411262 
288.2411389320 23.4845690409 
289.1801943626 23.3332975606 
285.3979006073 23.7639111696 
292.5867229302 22.9535214856 
297.7084301628 22.6223349040 
297.7084301628 22.6223349040 
283.7790282216 24.1335209796 
291.7295927867 23.0926416149 
285.9705403173 23.6943202846 
- 
308.4349901919 22.4360827234 
308.4349901919 22.4360827234 
281.3724247311 24.6079992454 
299.2342763365 22.5229832107 
282.1485624519 24.4412666001 
295.2191666724 22.8031538720 
284.7330952293 24.0195176866 
290.8481371368 23.2245292643 
288.2411389320 23.4845690409 
293.8558084899 22.8442424081 
285.3979006073 23.7639111696 
291.7295927867 23.0926416149 
289.1801943626 23.3332975606 
283.7790282216 24.1335209796 
283.2431621680 24.1925618947 
292.5867229302 22.9535214856 
285.9705403173 23.6943202846 
287.0104895955 23.6294789043 
289.0236160512 23.3848960133 
297.7308465435 22.6017756130 
- 
308.4349901919 22.4360827234 
308.4349901919 22.4360827234 
281.3724247311 24.6079992454 
299.2342763365 22.5229832107 
281.9898497062 24.4405848066 
295.2191666724 22.8031538720 
284.7330952293 24.0195176866 
283.2431621680 24.1925618947 
290.4624911014 23.2187154528 
297.7308465435 22.6017756130 
288.2411389320 23.4845690409 
287.0104895955 23.6294789043 
292.5867229302 22.9535214856 
285.3979006073 23.7639111696 
293.8558084899 22.8442424081 
283.7790282216 24.1335209796 
289.1801943626 23.3332975606 
291.7295927867 23.0926416149 
289.0236160512 23.3848960133 
285.9705403173 23.6943202846 
- 
308.4349901919 22.4360827234 
308.4349901919 22.4360827234 
280.3264531477 24.4593807146 
299.2342763365 22.5229832107 
297.7308465435 22.6017756130 
295.2191666724 22.8031538720 
281.9898497062 24.4405848066 
290.4624911014 23.2187154528 
291.7295927867 23.0926416149 
285.3979006073 23.7639111696 
292.5867229302 22.9535214856 
283.2431621680 24.1925618947 
293.8558084899 22.8442424081 
284.7330952293 24.0195176866 
289.1801943626 23.3332975606 
287.0073236985 23.6294268283 
283.7790282216 24.1335209796 
288.2411389320 23.4845690409 
285.9705403173 23.6943202846 
284.6866038619 24.0301512396 
- 
308.4349901919 22.4360827234 
308.4349901919 22.4360827234 
280.3264531477 24.4593807146 
299.2342763365 22.5229832107 
281.9898497062 24.4405848066 
288.1545317222 23.4832541869 
283.2431621680 24.1925618947 
292.5867229302 22.9535214856 
297.7308465435 22.6017756130 
296.3324647420 22.7065822285 
287.0073236985 23.6294268283 
293.8558084899 22.8442424081 
284.4784741195 24.0162796589 
289.1798523843 23.3332592659 
290.4624911014 23.2187154528 
295.2191666724 22.8031538720 
285.3126884309 23.9078981859 
283.7790282216 24.1335209796 
285.9705403173 23.6943202846 
291.7295927867 23.0926416149 
- 
280.3264531477 24.4593807146 
308.2113770432 22.4316340784 
299.2342763365 22.5229832107 
281.5097482634 24.4326425336 
283.2431621680 24.1925618947 
288.1545317222 23.4832541869 
289.1798523843 23.3332592659 
285.3040311224 23.9077789238 
291.7295927867 23.0926416149 
292.5867229302 22.9535214856 
285.9705403173 23.6943202846 
297.7308465435 22.6017756130 
287.0073236985 23.6294268283 
293.8558084899 22.8442424081 
296.3324647420 22.7065822285 
283.7790282216 24.1335209796 
290.4624911014 23.2187154528 
284.4784741195 24.0162796589 
290.4624911014 23.2187154528 
296.1820410383 22.7863760318 
- 
280.3264531477 24.4593807146 
308.2113770432 22.4316340784 
299.2342763365 22.5229832107 
281.5097482634 24.4326425336 
283.2431621680 24.1925618947 
289.1798523843 23.3332592659 
285.3040311224 23.9077789238 
285.9705403173 23.6943202846 
297.7308465435 22.6017756130 
293.8558084899 22.8442424081 
296.1820410383 22.7863760318 
288.1545317222 23.4832541869 
287.0073236985 23.6294268283 
291.2798208728 23.1427278044 
287.6641693594 23.5351489294 
293.5651674480 22.9263569282 
291.7131027683 23.0681736792 
292.5867229302 22.9535214856 
296.3324647420 22.7065822285 
292.1200522217 23.0102123281 
- 
280.3264531477 24.4593807146 
308.1343010574 22.4253809222 
299.2342763365 22.5229832107 
283.2431621680 24.1925618947 
285.3040311224 23.9077789238 
289.1798523843 23.3332592659 
281.5097482634 24.4326425336 
291.2798208728 23.1427278044 
285.9705403173 23.6943202846 
297.7308465435 22.6017756130 
295.5193446741 22.7845790453 
293.8558084899 22.8442424081 
288.1545317222 23.4832541869 
287.0073236985 23.6294268283 
293.5651674480 22.9263569282 
296.3324647420 22.7065822285 
287.6641693594 23.5351489294 
296.3324647420 22.7065822285 
292.5867229302 22.9535214856 
280.3346948371 24.4578594906 
- 
280.3264531477 24.4593807146 
308.1343010574 22.4253809222 
299.2342763365 22.5229832107 
283.2431621680 24.1925618947 
285.3040311224 23.9077789238 
291.2798208728 23.1427278044 
281.5097482634 24.4326425336 
292.5867229302 22.9535214856 
290.4227602045 23.3127583623 
289.1798523843 23.3332592659 
288.1545317222 23.4832541869 
293.8334995356 22.8417694335 
285.7731225509 23.8179791037 
287.0073236985 23.6294268283 
297.7308465435 22.6017756130 
285.9705403173 23.6943202846 
297.7308465435 22.6017756130 
295.5014833656 22.7949602457 
296.3324647420 22.7065822285 
296.3324647420 22.7065822285 
- 
280.3264531477 24.4593807146 
308.1343010574 22.4253809222 
299.2342763365 22.5229832107 
283.2431621680 24.1925618947 
285.3040311224 23.9077789238 
281.5097482634 24.4326425336 
291.2798208728 23.1427278044 
292.5867229302 22.9535214856 
293.8334995356 22.8417694335 
295.5014833656 22.7949602457 
285.9705403173 23.6943202846 
290.4227602045 23.3127583623 
285.7731225509 23.8179791037 
288.1545317222 23.4832541869 
289.1798523843 23.3332592659 
291.2521205695 23.2161464429 
287.6917658893 23.6120939082 
288.3369595389 23.4092989773 
297.7308465435 22.6017756130 
287.0073236985 23.6294268283 
- 
308.1343010574 22.4253809222 
279.9133847444 24.5269223485 
299.1935389027 22.5209351886 
283.2431621680 24.1925618947 
284.9958923422 23.9074814453 
297.7308465435 22.6017756130 
281.5097482634 24.4326425336 
295.5014833656 22.7949602457 
292.2344706049 23.0281380314 
285.7731225509 23.8179791037 
290.4227602045 23.3127583623 
293.8334995356 22.8417694335 
291.2521205695 23.2161464429 
280.3264531477 24.4593807146 
295.5014833656 22.7949602457 
285.9705403173 23.6943202846 
289.1798523843 23.3332592659 
292.5867229302 22.9535214856 
287.9367170920 23.5402660659 
288.1545317222 23.4832541869 
- 
