8.515954, 2.219891, 2.534363, 0.276018, 
8.960133, 2.219891, 2.534363, 0.276018, 
8.960133, 2.219891, 3.372201, 0.291766, 
8.959858, 3.841617, 3.422808, 0.815285, 
9.345636, 5.287775, 3.549508, 0.839532, 
10.124864, 5.287775, 3.549508, 0.667001, 
10.734404, 5.376161, 2.959513, 1.004788, 
10.820172, 6.760817, 3.555296, 1.055049, 
10.734404, 7.436119, 3.549508, 0.931728, 
10.820172, 8.408457, 3.555296, 1.055049, 
13.115338, 6.849934, 3.336870, 1.004788, 
13.115338, 7.497342, 3.598895, 0.997941, 
13.115338, 9.226034, 3.598895, 0.997941, 
11.859614, 10.865403, 3.533495, 1.160795, 
12.833704, 11.018781, 3.500878, 1.289705, 
13.959768, 11.042010, 3.522427, 1.563157, 
13.959768, 11.042010, 3.522427, 1.563157, 
13.123329, 14.355245, 3.912433, 1.563157, 
13.760328, 14.355245, 3.644664, 1.545274, 
13.753043, 21.452495, 5.220994, 2.316504, 
