17.0244926900 41.0150784800 16.7431273900 36.2417473200 
10.9368969100 5.7627581500 41.8901473300 6.9625756000 
5.0122397300 17.4540136800 37.0755727600 10.1509769600 
42.3030964800 14.7942956800 45.3442770000 24.6212041500 
8.9619283500 38.4146151500 23.2499142300 44.4428906100 
28.8082256000 18.0721949400 44.0205045000 1.7843000100 
36.7515690900 24.3025341700 5.6188277200 18.7624138100 
4.6133489800 1.0682721800 10.7114045000 40.3499963500 
24.6604220300 33.1484911700 31.1550414900 14.4186981000 
37.8610847200 36.0941749300 25.4085099200 49.6260549700 
26.8982688400 27.3137437600 13.3552088300 45.1641311200 
31.1481684600 4.5067527700 19.6979924500 39.3703638500 
0.2825831400 43.9968806200 3.5860160500 17.3924891700 
46.1523902000 27.7396493500 7.5318742300 3.6014434000 
13.5860776200 11.7955204800 49.0496330400 26.6614419300 
17.9506457800 9.8129984900 29.3470706000 9.2509211700 
21.1474648500 45.4065155800 20.8309470200 33.1822584600 
47.7523370600 20.6478172200 39.2549797600 20.1728433300 
42.7579640700 49.3992855100 33.8481159100 31.5953642000 
33.3268051000 31.2885090000 0.5888765700 27.7538915100 
- 
10.9368969100 5.7627581500 41.8901473300 6.9625756000 
10.9368969100 9.5686237979 41.8901473300 6.9625756000 
17.0246587567 27.7396493500 7.5318742300 3.6014434000 
17.9506457800 9.8129984900 29.3470706000 9.2509211700 
9.7693454622 9.8129984900 29.3470706000 27.4418511171 
4.6133489800 1.0682721800 10.7114045000 40.3499963500 
13.5860776200 11.7955204800 49.0496330400 26.6614419300 
5.0122397300 15.3813193030 37.0755727600 10.1509769600 
22.7720397822 11.7955204800 49.0496330400 9.4758833419 
5.0122397300 17.4540136800 37.0755727600 10.1509769600 
28.8082256000 18.0721949400 44.0205045000 1.7843000100 
28.8082256000 18.0721949400 44.0205045000 1.7843000100 
24.6604220300 33.1484911700 31.1550414900 14.4186981000 
17.0244926900 38.1171359311 16.7431273900 36.2417473200 
25.7225473438 24.3025341700 46.9345021089 18.7624138100 
17.0244926900 41.0150784800 16.7431273900 36.2417473200 
36.7515690900 24.3025341700 5.6188277200 18.7624138100 
21.1474648500 45.4065155800 20.8309470200 33.1822584600 
26.8982688400 4.6473906953 18.7336294980 40.6822960051 
24.6604220300 36.3536916027 31.1550414900 33.8172522060 
- 
10.9368969100 5.7627581500 41.8901473300 6.9625756000 
10.9368969100 5.7627581500 41.8901473300 6.9625756000 
10.9368969100 9.5686237979 41.8901473300 6.9625756000 
10.9368969100 9.5686237979 41.8901473300 6.9625756000 
17.0246587567 27.7396493500 7.5318742300 3.6014434000 
17.9506457800 9.8129984900 29.3470706000 9.2509211700 
13.5860776200 11.7955204800 49.0496330400 12.1203816692 
9.7693454622 9.8129984900 29.3470706000 27.4418511171 
20.3152577623 9.8129984900 16.4992717868 18.8814344667 
18.0333620280 19.0753895763 7.5318742300 0.3760307093 
2.4576336962 4.1716462545 37.0755727600 10.0718042636 
13.5860776200 11.7955204800 49.0496330400 26.6614419300 
4.6133489800 1.0682721800 10.7114045000 40.3499963500 
5.0122397300 15.3813193030 37.0755727600 10.1509769600 
22.7720397822 11.7955204800 49.0496330400 9.4758833419 
5.0122397300 17.4540136800 37.0755727600 10.1509769600 
16.9441342602 18.5038903750 29.3470706000 33.4597781299 
28.8082256000 18.0721949400 44.0205045000 1.7843000100 
28.8082256000 18.0721949400 44.0205045000 1.7843000100 
16.9338780027 37.1069079077 16.7431273900 26.1937775800 
- 
10.9368969100 5.7627581500 41.8901473300 6.9625756000 
10.9368969100 5.7627581500 41.8901473300 6.9625756000 
10.9368969100 5.7627581500 41.8901473300 6.9625756000 
10.9368969100 5.7627581500 41.8901473300 6.9625756000 
10.9368969100 9.5686237979 41.8901473300 6.9625756000 
10.9368969100 9.5686237979 41.8901473300 6.9625756000 
10.9368969100 9.5686237979 41.8901473300 6.9625756000 
10.9368969100 9.5686237979 41.8901473300 6.9625756000 
17.0246587567 27.7396493500 7.5318742300 3.6014434000 
11.3047297124 5.9794732888 37.0755727600 10.1509769600 
13.6512701714 11.7955204800 33.4398292244 12.1203816692 
17.0246587567 27.7396493500 6.4496756437 2.3274536085 
17.9506457800 9.8129984900 29.3470706000 9.2509211700 
13.5860776200 11.7955204800 49.0496330400 12.1203816692 
17.0739812676 26.6187739558 49.0496330400 9.4758833419 
17.9506457800 9.8129984900 29.3470706000 13.0548881397 
9.7693454622 9.8129984900 29.3470706000 27.4418511171 
20.3152577623 9.8129984900 16.4992717868 18.8814344667 
2.4576336962 4.1716462545 37.0755727600 10.0718042636 
2.4576336962 4.1716462545 37.0755727600 10.0718042636 
- 
17.0246587567 27.7396493500 7.5318742300 3.6014434000 
14.3238996395 4.6382050670 7.5318742300 3.6014434000 
13.6512701714 18.3711387409 10.1221020121 12.1203816692 
14.2813218467 9.8129984900 29.3470706000 9.3112776711 
10.9368969100 5.7627581500 41.8901473300 6.9625756000 
10.9368969100 5.7627581500 41.8901473300 6.9625756000 
17.0246587567 21.2573755610 31.1960307294 2.3274536085 
10.9368969100 9.5686237979 41.8901473300 6.9625756000 
10.9368969100 9.5686237979 41.8901473300 6.9625756000 
10.9368969100 5.7627581500 41.8901473300 6.9625756000 
10.9368969100 5.7627581500 41.8901473300 6.9625756000 
10.9368969100 5.7627581500 41.8901473300 6.9625756000 
10.9368969100 5.7627581500 41.8901473300 6.9625756000 
10.9368969100 5.7627581500 41.8901473300 6.9625756000 
10.9368969100 5.7627581500 41.8901473300 6.9625756000 
10.9368969100 9.5686237979 41.8901473300 6.9625756000 
10.9368969100 9.5686237979 41.8901473300 6.9625756000 
10.9368969100 9.5686237979 41.8901473300 6.9625756000 
10.9368969100 9.5686237979 41.8901473300 6.9625756000 
10.9368969100 9.5686237979 41.8901473300 6.9625756000 
- 
17.0246587567 27.7396493500 7.5318742300 3.6014434000 
17.0246587567 27.7396493500 7.5318742300 3.6014434000 
14.3238996395 4.6382050670 7.5318742300 3.6014434000 
14.3238996395 4.6382050670 7.5318742300 3.6014434000 
13.6512701714 18.3711387409 10.1221020121 12.1203816692 
14.2813218467 9.8129984900 29.3470706000 9.3112776711 
14.2117688155 18.3711387409 10.1221020121 12.1203816692 
13.7215588385 9.8129984900 29.3470706000 9.3112776711 
10.9368969100 10.0142559646 41.8901473300 6.9625756000 
10.9368969100 5.5452356423 41.8901473300 6.9625756000 
17.0246587567 21.2573755610 31.1960307294 2.3274536085 
17.0246587567 21.2573755610 31.1960307294 2.3274536085 
10.9368969100 9.5818830947 41.8901473300 6.9625756000 
10.9368969100 5.8828406425 41.8901473300 6.9625756000 
10.9368969100 9.5686237979 41.8901473300 6.9625756000 
10.9368969100 9.5686237979 41.8901473300 6.9625756000 
10.9368969100 5.7627581500 41.8901473300 6.9625756000 
10.9368969100 5.7627581500 41.8901473300 6.9625756000 
10.9368969100 5.7627581500 41.8901473300 6.9625756000 
10.9368969100 5.7627581500 41.8901473300 6.9625756000 
- 
17.0246587567 27.7396493500 7.5318742300 3.6014434000 
17.0246587567 27.7396493500 7.5318742300 3.6014434000 
17.0246587567 27.7396493500 7.5318742300 3.6014434000 
17.0246587567 27.7396493500 7.5318742300 3.6014434000 
14.3238996395 4.6382050670 7.5318742300 3.6014434000 
14.3238996395 4.6382050670 7.5318742300 3.6014434000 
14.3238996395 4.6382050670 7.5318742300 3.6014434000 
13.6512701714 18.3711387409 10.1221020121 12.1203816692 
14.2117688155 18.3711387409 10.1221020121 12.1203816692 
9.2365682933 4.6382050670 7.5318742300 3.6014434000 
13.8057540510 18.1591042269 10.1221020121 12.1203816692 
14.2117688155 9.9820175504 10.1221020121 9.4376190640 
10.9368969100 6.0924376821 25.4290176450 6.9625756000 
17.0246587567 21.2573755610 31.1960307294 2.3274536085 
17.0246587567 21.2573755610 31.1960307294 2.3274536085 
10.9368969100 11.6175989927 41.8901473300 6.9625756000 
10.9368969100 9.4887976206 41.8901473300 6.9625756000 
10.9368969100 10.0142559646 41.8901473300 6.9625756000 
10.9368969100 9.5818830947 41.8901473300 6.9625756000 
10.9368969100 9.5686237979 41.8901473300 6.9625756000 
- 
14.3238996395 4.6382050670 7.5318742300 3.6014434000 
14.3238996395 4.6382050670 7.5318742300 3.6014434000 
14.3238996395 4.6382050670 7.5318742300 3.6014434000 
14.3238996395 4.6382050670 7.5318742300 3.6014434000 
14.3238996395 4.6382050670 7.5318742300 3.6014434000 
9.2365682933 4.6382050670 7.5318742300 3.6014434000 
9.2365682933 4.6382050670 7.5318742300 3.6014434000 
14.2117688155 9.9820175504 10.1221020121 9.4376190640 
14.2117688155 9.9820175504 10.1221020121 9.4376190640 
13.6512701714 18.3711387409 10.1221020121 8.8543512992 
10.8761908798 2.8462213613 32.3748558614 2.8639086897 
17.0246587567 27.7396493500 7.5318742300 3.6014434000 
17.0246587567 27.7396493500 7.5318742300 3.6014434000 
14.3238996395 4.6382050670 7.5318742300 7.0485930539 
10.9368969100 11.6982274321 41.8901473300 5.8258304740 
10.9368969100 9.4887976206 41.8901473300 6.9625756000 
13.8057540510 18.1591042269 10.1221020121 12.1203816692 
10.9368969100 10.0142559646 41.8901473300 6.9625756000 
13.8057540510 18.1591042269 10.1221020121 12.1203816692 
14.2117688155 18.3711387409 10.1221020121 12.1203816692 
- 
9.2365682933 4.6382050670 7.5318742300 3.6014434000 
9.2365682933 4.6382050670 7.5318742300 3.6014434000 
9.2365682933 4.6382050670 7.5318742300 3.6014434000 
14.2117688155 9.9820175504 10.1221020121 9.4376190640 
14.2117688155 9.9820175504 10.1221020121 9.4376190640 
14.2117688155 9.9820175504 10.1221020121 9.4376190640 
9.0413859514 4.6382050670 7.5318742300 3.6014434000 
13.6512701714 18.3711387409 10.1221020121 8.8515187104 
11.5685006669 6.0310069926 7.5318742300 2.6794672958 
13.6512701714 18.3711387409 10.1221020121 8.8543512992 
14.3238996395 4.6382050670 7.5318742300 3.6014434000 
14.3238996395 4.6382050670 7.5318742300 3.6014434000 
14.2117688155 9.9820175504 10.1221020121 9.4421522445 
14.7092771596 4.6382050670 7.5318742300 3.6014434000 
14.3238996395 4.6382050670 7.5318742300 3.6014434000 
14.3238996395 4.6382050670 7.5318742300 3.6014434000 
14.3238996395 4.6382050670 7.5318742300 3.6014434000 
14.3238996395 4.6382050670 7.5318742300 3.6014434000 
14.3238996395 4.6382050670 7.5318742300 3.6014434000 
14.3238996395 4.6382050670 7.5318742300 3.6014434000 
- 
9.2365682933 4.6382050670 7.5318742300 3.6014434000 
9.2365682933 4.6382050670 7.5318742300 3.6014434000 
9.2365682933 4.6382050670 7.5318742300 3.6014434000 
9.2365682933 4.6382050670 7.5318742300 3.6014434000 
9.2365682933 4.6382050670 7.5318742300 3.6014434000 
9.0413859514 4.6382050670 7.5318742300 3.6014434000 
11.5685006669 6.0310069926 7.5318742300 2.6794672958 
9.2365682933 7.3819183363 7.5318742300 3.6014434000 
13.7338420960 21.5826197358 7.6600314867 5.6555723944 
13.6512701714 18.3711387409 9.6746639063 6.4721761701 
14.7092771596 8.9312449998 7.5788876567 3.6014434000 
9.0777483857 4.2232059513 10.0368849414 6.8886789993 
13.6512701714 18.3711387409 10.1221020121 8.8515187104 
11.5685006669 6.0310069926 8.0093970135 5.1937040268 
14.2117688155 7.2464087730 10.1221020121 9.4376190640 
14.2117688155 9.9820175504 10.1221020121 9.4376190640 
14.2117688155 9.9820175504 10.1221020121 9.4376190640 
14.2117688155 9.9820175504 10.1221020121 9.4376190640 
14.2117688155 9.9820175504 10.1221020121 9.4376190640 
14.2117688155 9.9820175504 10.1221020121 9.4376190640 
- 
9.2365682933 4.6382050670 7.5318742300 3.6014434000 
9.2365682933 4.6382050670 7.5318742300 3.6014434000 
9.2365682933 4.6382050670 7.5318742300 3.6014434000 
9.2365682933 4.6382050670 7.5318742300 3.6014434000 
9.2365682933 4.6382050670 7.5318742300 3.6014434000 
9.2365682933 4.6382050670 7.5318742300 3.6014434000 
9.2365682933 4.6382050670 7.5318742300 3.6014434000 
9.2365682933 4.6382050670 7.5318742300 3.6014434000 
9.2365682933 4.6382050670 7.5318742300 3.6014434000 
9.0413859514 4.6382050670 7.5318742300 3.6014434000 
11.5685006669 6.0310069926 7.5318742300 2.6794672958 
9.2365682933 7.3819183363 7.5318742300 3.6014434000 
13.7338420960 21.5826197358 7.6600314867 5.6555723944 
14.7092771596 8.9312449998 7.5788876567 3.6014434000 
8.8713044499 4.6382050670 7.5318742300 3.6014434000 
9.4089658336 4.6382050670 7.5318742300 3.6014434000 
9.5660120647 7.5906494255 7.5318742300 3.6014434000 
13.6332021489 16.3308228649 6.9666756077 2.5425793117 
11.2599092363 5.8576941261 7.5318742300 2.6794672958 
13.6512701714 18.3711387409 9.6746639063 6.4721761701 
- 
13.7338420960 21.5826197358 7.6600314867 5.6555723944 
13.7338420960 21.5826197358 7.6600314867 5.6555723944 
9.6509146424 3.0110917152 7.5318742300 1.6739147949 
11.1728902568 12.5409560472 7.5318742300 3.6205577571 
9.5660120647 10.2919892635 7.5318742300 3.6014434000 
13.6332021489 16.3308228649 6.9666756077 2.5425793117 
13.6332021489 13.8108312404 6.9666756077 2.5425793117 
9.2365682933 7.3819183363 7.5318742300 3.6014434000 
11.5685006669 6.0310069926 7.5318742300 2.6794672958 
9.4089658336 4.6382050670 7.5318742300 3.6014434000 
9.5660120647 7.5906494255 7.5318742300 3.6014434000 
9.4089658336 4.6382050670 7.5318742300 3.6014434000 
8.8713044499 4.6382050670 7.5318742300 3.6014434000 
8.8713044499 4.6382050670 7.5318742300 3.6014434000 
9.0375624408 4.6382050670 7.5318742300 3.6014434000 
9.2405586385 4.6382050670 7.5318742300 3.6014434000 
9.0413859514 4.6382050670 7.5318742300 3.6014434000 
9.2365682933 4.6382050670 7.5318742300 3.6014434000 
9.2365682933 4.6382050670 7.5318742300 3.6014434000 
9.2365682933 4.6382050670 7.5318742300 3.6014434000 
- 
13.7338420960 21.5826197358 7.6600314867 5.6555723944 
13.7338420960 21.5826197358 7.6600314867 5.6555723944 
9.6509146424 3.0110917152 7.5318742300 1.6739147949 
9.6509146424 11.0182762370 7.5318742300 1.6739147949 
13.6332021489 16.3308228649 6.9666756077 2.5425793117 
13.6332021489 10.0096704593 6.4702007919 2.5425793117 
13.6332021489 13.8108312404 6.9666756077 2.5425793117 
9.2365682933 7.3819183363 7.5318742300 3.6014434000 
11.1728902568 12.5409560472 7.5318742300 3.6205577571 
11.5685006669 6.0310069926 7.5318742300 2.6794672958 
9.4089658336 4.6382050670 7.5318742300 3.6014434000 
9.4089658336 4.1475025050 7.5318742300 2.4996998708 
9.4089658336 4.6382050670 7.5318742300 3.6014434000 
9.5660120647 7.5906494255 7.5318742300 3.6014434000 
9.6448353286 7.5906494255 7.5318742300 3.6014434000 
9.0375624408 4.6382050670 7.5318742300 3.6014434000 
9.0413859514 4.6382050670 7.5318742300 3.6014434000 
9.3307586173 4.6382050670 7.5318742300 3.6014434000 
9.3501396913 4.6382050670 7.5318742300 3.6014434000 
9.2365682933 4.6382050670 7.5318742300 3.6014434000 
- 
13.7338420960 21.5826197358 7.6600314867 5.6555723944 
13.7338420960 21.5826197358 7.6600314867 5.6555723944 
13.7338420960 21.5826197358 7.6600314867 5.6555723944 
9.6509146424 3.0110917152 7.5318742300 1.6739147949 
9.6509146424 11.0182762370 7.5318742300 1.6739147949 
13.6332021489 16.3308228649 6.9666756077 2.5425793117 
13.6332021489 13.8108312404 6.9666756077 2.5425793117 
11.1728902568 12.5409560472 7.5318742300 3.6205577571 
11.1728902568 12.5409560472 7.5318742300 3.6205577571 
9.4089658336 4.1475025050 7.5318742300 2.4996998708 
9.4089658336 4.1475025050 7.5318742300 2.4996998708 
9.0375624408 4.6382050670 7.5318742300 3.6014434000 
9.0413859514 4.6382050670 7.5318742300 3.6014434000 
9.6509146424 7.6764530067 7.5318742300 1.6739147949 
9.6509146424 6.4840888312 7.5318742300 1.6739147949 
13.6332021489 9.8841338048 6.4529587640 2.5425793117 
13.6332021489 16.6832709668 6.9861635372 2.5425793117 
13.6332021489 13.8108312404 6.9666756077 2.8103385535 
9.2141645047 4.6382050670 7.5318742300 3.6014434000 
13.6332021489 10.0096704593 6.4702007919 2.5425793117 
- 
13.7338420960 21.5826197358 7.6600314867 5.6555723944 
13.7338420960 21.5826197358 7.6600314867 5.6555723944 
8.2709488559 3.9891030459 7.5318742300 1.6739147949 
9.6509146424 11.0182762370 7.5318742300 1.6739147949 
11.6665612453 11.0182762370 6.6983440366 1.8353494731 
13.6332021489 16.6832709668 6.9861635372 2.5425793117 
9.6509146424 6.4840888312 7.5318742300 1.6739147949 
9.0413859514 4.6382050670 7.5318742300 3.6014434000 
9.8136253464 7.6764530067 7.5318742300 2.2958445670 
13.6332021489 13.8108312404 6.9666756077 2.5425793117 
13.6332021489 9.8841338048 6.4529587640 2.5425793117 
9.6509146424 3.8677737435 6.4805724480 1.6739147949 
9.6509146424 7.6764530067 7.5318742300 1.6739147949 
11.1728902568 12.5409560472 7.5318742300 3.6205577571 
11.1728902568 12.5409560472 7.5318742300 3.6205577571 
13.6332021489 14.4509888719 7.5131939677 2.5425793117 
9.6509146424 3.0110917152 7.5318742300 1.6739147949 
13.6332021489 16.3308228649 6.9666756077 2.5425793117 
9.0369376617 3.3602562799 7.5318742300 2.4094706628 
13.6332021489 16.6832709668 6.9861635372 2.5425793117 
- 
13.7338420960 21.5826197358 7.6600314867 5.6555723944 
13.7338420960 21.5826197358 7.6600314867 5.6555723944 
9.6509146424 0.5883632130 6.4838796159 1.6739147949 
9.6509146424 11.0182762370 7.5318742300 1.6739147949 
13.6332021489 16.6832709668 6.9861635372 2.5425793117 
11.1728902568 12.5409560472 7.5318742300 2.4628421914 
13.6332021489 13.8108312404 6.9666756077 2.5116705316 
11.6665612453 11.0182762370 6.6983440366 1.8353494731 
9.0369376617 5.7460801261 7.3682777530 2.5305926246 
8.2709488559 3.9891030459 7.5318742300 1.6739147949 
9.8136253464 7.6764530067 7.5318742300 2.2958445670 
9.6509146424 3.8677737435 6.4805724480 1.6739147949 
9.6509146424 6.4840888312 7.5318742300 1.6739147949 
9.6509146424 7.6764530067 7.5318742300 1.6739147949 
11.1728902568 12.5409560472 7.5318742300 1.6327663960 
9.6509146424 3.0110917152 7.5318742300 1.6739147949 
13.6332021489 15.5380324540 7.1505435108 2.4217455042 
9.0369376617 3.3602562799 7.5318742300 2.4094706628 
9.6509146424 6.4840888312 7.5318742300 1.6739147949 
13.6332021489 14.4509888719 7.5131939677 2.5425793117 
- 
13.7338420960 21.5826197358 7.6600314867 5.6555723944 
13.7338420960 21.5826197358 7.6600314867 5.6555723944 
9.6509146424 0.5883632130 6.4838796159 1.6739147949 
11.0278451511 8.6405396461 6.8322156819 2.2958445670 
13.6332021489 16.6832709668 6.9861635372 2.5425793117 
8.4545216229 5.7460801261 7.4218890628 1.0530820928 
11.6665612453 11.0182762370 6.6983440366 1.8353494731 
13.6332021489 13.8108312404 6.9666756077 2.5116705316 
9.6509146424 5.3299248736 8.0799291640 1.6739147949 
9.8136253464 7.6764530067 7.5318742300 2.2958445670 
9.6509146424 6.5458937717 5.9974479987 1.6739147949 
8.5091181673 3.4325660971 7.1831648820 1.6739147949 
8.2709488559 3.9891030459 7.5318742300 1.6739147949 
11.1728902568 12.5409560472 7.5318742300 2.4628421914 
11.1728902568 12.5409560472 7.5318742300 2.4628421914 
13.6332021489 15.5380324540 7.1505435108 2.4217455042 
11.1728902568 12.5409560472 7.5318742300 1.6327663960 
9.6509146424 7.6764530067 7.5318742300 1.6739147949 
13.6332021489 14.4509888719 7.5131939677 2.5425793117 
13.6332021489 16.6832709668 6.9861635372 2.5425793117 
- 
13.7338420960 21.5826197358 7.6600314867 5.6555723944 
13.7338420960 21.5826197358 7.6600314867 5.6555723944 
9.6509146424 0.5883632130 6.4838796159 1.6739147949 
13.6332021489 16.6832709668 6.9861635372 2.5425793117 
11.0278451511 8.6405396461 6.8322156819 2.2958445670 
8.4545216229 5.7460801261 7.4218890628 1.0530820928 
13.6332021489 13.8108312404 6.9666756077 2.5116705316 
9.6509146424 5.3299248736 8.0799291640 1.1913450236 
9.8136253464 7.6764530067 7.5318742300 2.2958445670 
11.6665612453 9.6917076125 6.7610775987 1.8353494731 
8.5091181673 3.4325660971 7.1831648820 1.6739147949 
8.2709488559 3.9891030459 7.5318742300 1.6739147949 
11.6665612453 11.0182762370 6.6983440366 1.8353494731 
9.6509146424 7.6764530067 7.5318742300 1.6482178397 
11.1728902568 12.5409560472 7.5318742300 2.4628421914 
11.1728902568 12.5409560472 7.5318742300 2.4628421914 
9.6509146424 6.5458937717 5.9974479987 1.6739147949 
11.1728902568 12.5409560472 7.5318742300 1.6327663960 
13.6332021489 15.3758682309 6.9041801713 2.5116705316 
9.6509146424 6.5458937717 5.9974479987 1.6739147949 
- 
13.7338420960 21.5826197358 7.6600314867 5.6555723944 
13.7338420960 21.5826197358 7.6600314867 5.6555723944 
9.6509146424 0.5883632130 6.4838796159 1.6739147949 
13.6332021489 16.6832709668 6.9861635372 2.5425793117 
8.5091181673 3.4325660971 7.1831648820 1.6739147949 
13.6332021489 13.8108312404 6.9666756077 2.5116705316 
8.6950865845 3.7993607609 6.7987992766 1.6739147949 
11.6665612453 11.0182762370 6.6983440366 1.8353494731 
9.6509146424 7.6764530067 7.5318742300 1.6482178397 
11.1728902568 12.5409560472 7.5318742300 2.4628421914 
11.1728902568 12.5409560472 7.5318742300 2.4628421914 
8.4545216229 5.7460801261 7.4218890628 1.0530820928 
13.6332021489 13.8108312404 6.9666756077 2.5116705316 
9.6509146424 6.5458937717 5.9974479987 1.6739147949 
11.6665612453 9.6917076125 6.7610775987 1.8353494731 
11.1728902568 12.5409560472 7.5318742300 1.6327663960 
9.6509146424 5.3299248736 8.0799291640 1.1913450236 
9.6509146424 5.3299248736 8.0799291640 1.1913450236 
11.5699370908 9.1073699758 6.6983440366 1.8353494731 
9.8136253464 7.6764530067 7.5318742300 2.2958445670 
- 
13.7338420960 21.5826197358 7.6600314867 5.6555723944 
13.7338420960 21.5826197358 7.6600314867 5.6555723944 
9.6509146424 0.5883632130 6.4838796159 1.6739147949 
13.6332021489 16.6832709668 6.9861635372 2.5425793117 
13.6332021489 13.8108312404 6.9666756077 2.2484545177 
9.4740674722 9.7789197266 6.7820850029 1.6623680931 
8.4545216229 5.7460801261 7.4218890628 1.0530820928 
11.2138613274 12.5409560472 7.5318742300 2.4628421914 
8.5091181673 3.4325660971 7.1831648820 1.6739147949 
11.5699370908 9.1073699758 6.6983440366 1.8353494731 
9.6509146424 6.5458937717 5.9974479987 1.6739147949 
8.6950865845 3.7993607609 6.7987992766 1.6739147949 
11.6665612453 11.0182762370 6.6983440366 1.8353494731 
11.6665612453 9.6917076125 6.9914621128 1.7285427829 
11.1728902568 12.5409560472 7.5318742300 1.6327663960 
9.8136253464 7.6764530067 6.9164145180 2.1617978605 
9.6509146424 5.3299248736 8.0799291640 1.1913450236 
9.6509146424 5.3299248736 8.0799291640 1.1913450236 
9.6228293414 7.6764530067 7.5318742300 1.6482178397 
11.1728902568 12.5409560472 7.5318742300 2.4628421914 
- 
13.7338420960 21.5826197358 7.6600314867 5.6555723944 
13.7338420960 21.5826197358 7.6600314867 5.6555723944 
6.1823034195 1.3728232784 6.6983440366 1.8353494731 
8.7000120952 3.7993607609 5.7041169655 1.6739147949 
13.6332021489 16.6832709668 6.9861635372 2.5425793117 
13.6332021489 13.8108312404 6.9666756077 2.2484545177 
9.4740674722 9.7789197266 6.7820850029 1.6623680931 
8.4545216229 5.7460801261 7.4218890628 1.0530820928 
9.8136253464 7.6764530067 7.0043080423 1.6427417199 
11.2138613274 12.5409560472 7.5318742300 2.4628421914 
9.6509146424 6.5458937717 5.9974479987 1.6739147949 
11.5699370908 9.1073699758 6.6983440366 1.8353494731 
9.6509146424 5.3299248736 8.0799291640 1.1913450236 
9.6509146424 5.3299248736 8.0799291640 1.1913450236 
11.1728902568 12.5409560472 7.5318742300 1.6327663960 
11.6665612453 11.0182762370 6.6983440366 1.8353494731 
11.6665612453 11.0182762370 6.6983440366 1.8353494731 
11.6665612453 9.6917076125 6.9914621128 1.7285427829 
11.1728902568 12.5409560472 7.4458301319 2.1620286991 
11.6665612453 9.6917076125 6.9914621128 1.7285427829 
- 
13.7338420960 21.5826197358 7.6600314867 5.6555723944 
13.7338420960 21.5826197358 7.6600314867 5.6555723944 
6.4149510162 1.3728232784 6.7327754605 1.8353494731 
13.6332021489 16.6832709668 6.9861635372 2.5425793117 
8.5144001658 3.7993607609 5.7041169655 1.6739147949 
13.6332021489 13.8108312404 6.9666756077 2.2484545177 
11.2138613274 12.5409560472 7.5318742300 2.4628421914 
9.8136253464 7.6764530067 7.0043080423 1.6427417199 
9.6509146424 6.5458937717 5.9974479987 1.6739147949 
11.5699370908 9.1073699758 6.6983440366 1.8353494731 
9.4740674722 9.7789197266 6.7820850029 1.6623680931 
8.4545216229 5.7460801261 7.4218890628 1.0530820928 
8.7000120952 3.7993607609 5.7041169655 1.6739147949 
11.1728902568 12.5409560472 6.5887053175 1.6327663960 
9.6509146424 5.3299248736 8.0799291640 1.1913450236 
9.6509146424 5.3299248736 8.0799291640 1.1913450236 
8.4545216229 5.7460801261 7.4218890628 1.0530820928 
9.4740674722 9.7789197266 6.7820850029 1.6623680931 
11.6665612453 9.8729609433 6.9914621128 1.7285427829 
11.6665612453 10.8430699511 6.6983440366 1.8353494731 
- 
13.7338420960 21.5826197358 7.6600314867 5.6555723944 
13.7338420960 21.5826197358 7.6600314867 5.6555723944 
6.4149510162 1.3728232784 6.7327754605 1.8353494731 
13.6332021489 16.6832709668 6.9861635372 2.5425793117 
8.5144001658 3.7993607609 5.7041169655 1.6739147949 
11.2138613274 12.5409560472 7.5318742300 2.4628421914 
8.4545216229 5.7460801261 7.4218890628 1.0445289964 
9.8136253464 7.6764530067 7.0043080423 1.6427417199 
9.6509146424 6.5458937717 5.9974479987 1.6739147949 
13.6332021489 13.8108312404 6.9666756077 2.2484545177 
11.5699370908 9.1073699758 6.6983440366 1.8353494731 
13.6332021489 13.8108312404 6.9666756077 2.2484545177 
10.8844382527 8.3696221552 7.5014744729 1.5108063515 
8.8517186134 6.1976049495 6.7820850029 1.6623680931 
11.6665612453 10.8430699511 6.6983440366 1.8353494731 
9.4740674722 9.7789197266 6.7820850029 1.6623680931 
11.6665612453 9.8729609433 6.9914621128 1.7036181858 
11.1728902568 12.5409560472 6.5887053175 1.6327663960 
8.7000120952 3.7993607609 5.7041169655 1.6739147949 
8.5144001658 3.7993607609 5.7041169655 1.6739147949 
- 
13.7338420960 21.5826197358 7.6600314867 5.6555723944 
13.7338420960 21.5826197358 7.6600314867 5.6555723944 
6.4149510162 1.3728232784 6.7327754605 1.8353494731 
13.6332021489 16.6832709668 6.9861635372 2.5425793117 
8.5144001658 3.7993607609 5.7041169655 1.6739147949 
11.9076104576 12.5409560472 8.0503956274 1.6671477186 
9.8136253464 7.6764530067 7.0043080423 1.5868832506 
10.8844382527 8.5049480863 6.7887805396 1.5108063515 
8.8517186134 6.1976049495 6.7820850029 1.6623680931 
9.6509146424 6.5458937717 5.9974479987 1.6739147949 
8.4545216229 5.7460801261 7.4218890628 1.0445289964 
13.6332021489 13.8108312404 6.9666756077 2.2484545177 
10.9373121307 9.8729609433 5.6362160402 1.6692410847 
13.6332021489 13.8108312404 6.9666756077 2.2484545177 
11.1728902568 12.5409560472 6.5887053175 1.6327663960 
11.6665612453 9.8729609433 6.9914621128 1.7036181858 
11.6665612453 10.8430699511 6.6983440366 1.8353494731 
8.8517186134 3.9236430282 7.4984261333 1.6623680931 
8.5144001658 3.7993607609 5.7041169655 1.6739147949 
8.7000120952 3.7993607609 5.7041169655 1.6739147949 
- 
13.7338420960 21.5826197358 7.6600314867 5.6555723944 
13.7338420960 21.5826197358 7.6600314867 5.6555723944 
6.4149510162 1.3728232784 6.7327754605 1.8353494731 
13.6332021489 16.6832709668 6.9861635372 2.5425793117 
8.5144001658 3.7993607609 5.7041169655 1.6739147949 
11.6837403971 15.2829466076 6.9349231993 1.8353494731 
10.8844382527 8.5049480863 3.6392135323 1.5667317190 
11.9076104576 12.5409560472 8.0503956274 1.6671477186 
10.9373121307 9.8729609433 5.6362160402 1.6692410847 
9.8136253464 7.6764530067 7.0043080423 1.5310437453 
9.6509146424 6.5458937717 5.9974479987 1.6739147949 
8.4545216229 5.7460801261 7.4218890628 1.0445289964 
11.1728902568 12.5409560472 6.5887053175 1.6327663960 
11.6665612453 9.8729609433 6.9914621128 1.7036181858 
8.8517186134 6.1976049495 6.7820850029 1.6623680931 
11.6665612453 10.8430699511 6.6983440366 1.8353494731 
8.8517186134 3.9236430282 7.4984261333 1.6623680931 
8.8517186134 6.4724702721 6.0918241702 1.6647232166 
8.5144001658 3.7993607609 5.7041169655 1.6739147949 
8.7000120952 3.7993607609 5.7041169655 1.6739147949 
- 
6.4149510162 1.3728232784 6.7327754605 1.8353494731 
13.6332021489 21.4524950983 6.9861635372 2.3165042087 
13.6332021489 16.6832709668 6.9861635372 2.5425793117 
6.4149510162 1.9478674582 6.7327754605 2.0672744027 
8.4402073620 3.7993607609 5.7041169655 1.6739147949 
10.9373121307 9.8729609433 5.6362160402 1.6692410847 
11.6837403971 15.2829466076 6.9349231993 1.8353494731 
9.8136253464 7.6764530067 7.0043080423 1.5310437453 
10.8844382527 8.5049480863 3.6392135323 1.5667317190 
9.6509146424 6.5458937717 5.9974479987 1.6739147949 
11.9076104576 12.5409560472 8.0503956274 1.6671477186 
10.9373121307 11.7084391394 5.6362160402 1.8637135441 
11.6837403971 15.2829466076 6.9349231993 1.8353494731 
8.4545216229 5.7460801261 7.4218890628 1.0445289964 
8.6009357399 6.5458937717 4.2552627253 1.6739147949 
11.9076104576 12.5409560472 8.0503956274 1.6671477186 
11.6665612453 9.8729609433 6.9914621128 1.7036181858 
11.1728902568 12.5409560472 6.5887053175 1.6327663960 
8.8517186134 3.9236430282 7.4984261333 1.6623680931 
11.1728902568 12.5409560472 6.5887053175 1.6327663960 
- 
6.4149510162 1.3728232784 6.7327754605 1.8353494731 
13.6332021489 21.4524950983 6.9861635372 2.3165042087 
13.6332021489 16.6832709668 6.9861635372 2.5425793117 
7.7598830461 3.7993607609 5.6967705929 1.6739147949 
6.4149510162 1.9478674582 6.7327754605 2.0672744027 
11.6837403971 15.2829466076 6.9349231993 1.8353494731 
10.9373121307 9.8729609433 5.6362160402 1.6692410847 
8.6009357399 6.5458937717 4.2552627253 1.6739147949 
10.8844382527 8.5049480863 3.6392135323 1.5667317190 
9.6509146424 6.5458937717 5.9974479987 1.6739147949 
9.6509146424 6.9010610093 5.9974479987 1.6739147949 
10.8844382527 8.1703043815 3.6392135323 1.5667317190 
8.8517186134 3.9236430282 7.2805869836 1.6623680931 
10.9782337566 12.5409560472 4.8250248497 1.6706756178 
8.4402073620 3.7993607609 5.7041169655 1.6739147949 
11.7692107536 9.8729609433 5.6435842421 1.6692410847 
8.4545216229 5.7460801261 7.4218890628 1.0445289964 
11.6837403971 15.2829466076 6.9349231993 1.8353494731 
11.6837403971 12.9445816358 6.9349231993 1.8353494731 
10.9373121307 11.7084391394 5.6362160402 1.8637135441 
- 
6.4149510162 1.3728232784 6.7327754605 1.8353494731 
13.6332021489 21.4524950983 6.9861635372 2.3165042087 
13.1627436953 14.3914313814 4.6123738082 1.6705492352 
6.4149510162 1.9478674582 6.7327754605 2.0672744027 
7.7598830461 3.7993607609 5.6967705929 1.6739147949 
13.6332021489 16.6832709668 6.9861635372 2.5425793117 
11.6837403971 12.9445816358 6.9349231993 1.8353494731 
13.6332021489 16.6832709668 6.9861635372 2.5425793117 
10.9373121307 9.8729609433 5.6362160402 1.6692410847 
8.6009357399 6.5458937717 4.2552627253 1.6739147949 
9.6509146424 6.9010610093 5.9974479987 1.6739147949 
10.8844382527 8.1703043815 3.6392135323 1.5667317190 
11.5100732413 8.1963751502 3.6392135323 1.5667317190 
10.9782337566 12.5409560472 4.8250248497 1.6706756178 
8.4402073620 3.7993607609 5.7041169655 1.6739147949 
8.8517186134 3.9236430282 7.2805869836 1.6623680931 
11.7692107536 9.8729609433 5.6435842421 1.6692410847 
9.6509146424 6.5458937717 5.9974479987 1.6739147949 
10.9373121307 11.7084391394 5.6362160402 1.8637135441 
8.4545216229 5.7460801261 7.4218890628 1.0445289964 
- 
6.4149510162 1.3728232784 6.7327754605 1.8353494731 
13.6332021489 21.4524950983 6.8743927863 2.3165042087 
7.7598830461 3.7993607609 5.6967705929 1.6739147949 
6.4149510162 1.9478674582 6.7327754605 2.0672744027 
13.1627436953 14.3914313814 4.6123738082 1.6705492352 
13.6332021489 16.6832709668 6.9861635372 2.5425793117 
11.6837403971 12.9445816358 6.9349231993 1.8353494731 
13.6332021489 16.6832709668 6.9861635372 2.5425793117 
8.6009357399 6.5458937717 4.2552627253 1.6739147949 
10.9373121307 9.8729609433 5.6362160402 1.6692410847 
9.6509146424 6.5458937717 5.9974479987 1.6739147949 
11.5100732413 8.1963751502 3.6392135323 1.5667317190 
9.6509146424 6.9010610093 5.9974479987 1.6739147949 
8.8517186134 4.1330379040 5.3387881058 1.6386174735 
10.8844382527 8.1703043815 3.6392135323 1.5667317190 
8.4545216229 5.7460801261 7.4218890628 1.0445289964 
8.4402073620 3.7993607609 5.7041169655 1.6739147949 
11.7692107536 9.8729609433 5.5602580037 1.6667793580 
10.9373121307 11.7084391394 5.6362160402 1.8637135441 
11.4996952745 12.5409560472 4.8250248497 1.6706756178 
- 
13.6332021489 21.4524950983 6.8743927863 2.3165042087 
7.7598830461 2.6103183981 5.6967705929 1.6739147949 
12.0676455414 16.6832709668 6.9554601625 1.8360098086 
11.6837403971 12.9445816358 6.9349231993 1.8353494731 
11.5100732413 8.1963751502 3.6392135323 1.5667317190 
7.7598830461 3.7993607609 5.6967705929 1.6739147949 
13.1627436953 14.3914313814 4.6123738082 1.6705492352 
9.6509146424 6.5458937717 5.9974479987 1.6739147949 
8.4402073620 3.7993607609 5.5581816520 1.6677922621 
9.9194589106 7.1588156883 5.9974479987 1.6739147949 
11.7692107536 9.8729609433 5.5602580037 1.6667793580 
13.1627436953 15.1125012223 4.6123738082 1.5921163362 
8.6009357399 6.5458937717 4.2552627253 1.6739147949 
11.4996952745 12.5409560472 4.8250248497 1.6706756178 
10.9373121307 9.8729609433 5.6362160402 1.6692410847 
11.2536430930 7.5892617188 3.6392135323 1.5667317190 
8.6009357399 6.5458937717 4.2552627253 1.6739147949 
8.8517186134 4.1330379040 5.3387881058 1.6386174735 
8.4545216229 5.7460801261 7.4218890628 1.0445289964 
10.9373121307 11.7084391394 5.6362160402 1.8637135441 
- 
13.6332021489 21.4524950983 6.8743927863 2.3165042087 
7.7598830461 2.6103183981 5.6967705929 1.6739147949 
12.0676455414 16.6832709668 6.9554601625 1.8360098086 
11.6837403971 12.9445816358 6.9349231993 1.8353494731 
10.9812240528 9.8729609433 3.9599230011 1.7862877130 
9.9194589106 7.1588156883 5.9974479987 1.6739147949 
13.1627436953 14.3914313814 4.6123738082 1.6705492352 
11.2536430930 7.5892617188 3.6392135323 1.5667317190 
11.4996952745 12.5409560472 4.8250248497 1.6706756178 
8.4402073620 3.7993607609 5.5581816520 1.6677922621 
10.9373121307 11.7084391394 5.6362160402 1.8637135441 
9.2548527346 5.7460801261 6.7635136014 1.3278635441 
8.8517186134 4.1330379040 5.1935338015 1.6393920302 
7.7598830461 3.7993607609 5.6967705929 1.6739147949 
9.0023718165 7.1588156883 5.2855558905 1.6739147949 
11.5100732413 8.1963751502 3.6392135323 1.5667317190 
9.6509146424 6.5458937717 5.9974479987 1.6739147949 
8.4545216229 5.7460801261 7.4218890628 1.0445289964 
11.7692107536 9.8729609433 5.5602580037 1.6667793580 
13.1627436953 15.1125012223 4.6123738082 1.5921163362 
- 
13.6332021489 21.4524950983 5.7215455326 2.3165042087 
8.4402073620 1.5132314112 5.5581816520 1.6677922621 
12.0676455414 16.6832709668 6.9554601625 1.8356993208 
11.6837403971 12.9445816358 6.9349231993 1.8353494731 
8.4545216229 5.7460801261 7.4218890628 1.0445289964 
9.5802865242 5.7460801261 6.1121614351 1.0445289964 
7.7598830461 3.7993607609 5.6967705929 1.6739147949 
9.9194589106 7.1588156883 5.9974479987 1.6739147949 
8.8517186134 4.1330379040 5.1935338015 1.6393920302 
8.4402073620 3.7993607609 5.5581816520 1.6677922621 
11.7692107536 9.8729609433 5.5602580037 1.6667793580 
10.9812240528 9.8729609433 3.9599230011 1.7862877130 
7.7598830461 2.6103183981 5.6967705929 1.6739147949 
13.1627436953 15.1125012223 4.6123738082 1.5921163362 
11.4996952745 12.5409560472 4.8250248497 1.6706756178 
11.2536430930 7.5892617188 3.6392135323 1.5667317190 
13.1627436953 14.3914313814 4.6123738082 1.6705492352 
10.4572729439 9.8729609433 3.9599230011 1.7353537672 
9.6509146424 6.5458937717 5.9974479987 1.6739147949 
11.0777983081 12.2060667409 5.1915477928 1.6739434610 
- 
13.6332021489 21.4524950983 5.7215455326 2.3165042087 
8.4402073620 1.5132314112 5.5581816520 1.6677922621 
12.0676455414 16.6832709668 6.9554601625 1.8356993208 
9.5802865242 5.7460801261 5.9367912524 1.0445289964 
11.6837403971 12.9445816358 6.9349231993 1.8353494731 
8.4545216229 5.7460801261 7.4218890628 1.0445289964 
7.7598830461 2.6103183981 5.6967705929 1.6739147949 
11.2536430930 7.5892617188 3.6392135323 1.5667317190 
11.6044970815 7.5892617188 3.6392135323 1.5667317190 
9.9194589106 7.1588156883 5.9974479987 1.6739147949 
13.1627436953 15.1125012223 4.6123738082 1.5921163362 
11.7692107536 9.8729609433 5.5602580037 1.6667793580 
8.4402073620 3.7993607609 5.5581816520 1.6677922621 
13.1627436953 14.3914313814 4.6123738082 1.6705492352 
8.8517186134 4.1330379040 5.1935338015 1.6393920302 
10.9812240528 9.8729609433 3.9599230011 1.7862877130 
9.6509146424 6.5458937717 5.9974479987 1.6739147949 
11.4996952745 12.5409560472 4.8250248497 1.6706756178 
11.5405471490 9.8729609433 4.1467404909 1.7862877130 
10.4572729439 9.8729609433 3.9599230011 1.7353537672 
- 
13.6332021489 21.4524950983 5.7215455326 2.3165042087 
8.4402073620 1.5132314112 5.5581816520 1.6677922621 
12.0676455414 16.6832709668 6.9554601625 1.8356993208 
8.4402073620 3.7993607609 5.5581816520 1.6677922621 
9.5802865242 5.7460801261 5.9367912524 1.0445289964 
8.4402073620 2.0595795730 5.5581816520 1.6846025561 
9.9194589106 7.1588156883 5.4341288593 1.6739147949 
12.5447493352 9.8729609433 4.1467404909 1.7359554460 
13.1627436953 14.3914313814 4.6123738082 1.6705492352 
11.4996952745 12.5409560472 4.8250248497 1.6706756178 
9.6509146424 6.5458937717 5.9974479987 1.6739147949 
8.4545216229 5.7460801261 7.4218890628 1.0445289964 
8.8517186134 4.1330379040 5.1935338015 1.6393920302 
11.6837403971 12.9445816358 6.9349231993 1.8353494731 
10.4572729439 9.8729609433 3.9599230011 1.7353537672 
11.2536430930 7.5892617188 3.6392135323 1.5667317190 
11.6044970815 7.5892617188 3.6392135323 1.5667317190 
13.1627436953 15.1125012223 4.6123738082 1.5921163362 
11.5405471490 9.8729609433 4.1467404909 1.7862877130 
10.9812240528 9.8729609433 3.9599230011 1.7862877130 
- 
13.6332021489 21.4524950983 5.7215455326 2.3165042087 
8.2969212877 1.4499972074 5.9367912524 1.0445289964 
13.1627436953 15.5615019849 3.9436281586 1.6045890420 
9.5802865242 5.7460801261 5.9367912524 1.0445289964 
8.4545216229 5.7460801261 7.4218890628 1.0445289964 
8.4402073620 2.0595795730 5.5581816520 1.6846025561 
11.4996952745 12.5409560472 4.8250248497 1.6706756178 
9.6509146424 6.5458937717 5.9974479987 1.6739147949 
8.8517186134 4.1330379040 5.1935338015 1.4224434147 
12.5447493352 9.8729609433 4.1467404909 1.7359554460 
11.5267195582 14.3914313814 4.5076948628 1.6705492352 
11.6837403971 12.9445816358 6.9349231993 1.8353494731 
8.4402073620 3.7993607609 5.5581816520 1.6677922621 
8.4402073620 3.7993607609 5.5581816520 1.6677922621 
9.7388658025 7.8780664717 5.5581816520 1.6846025561 
13.1627436953 14.3914313814 4.6123738082 1.6705492352 
9.9194589106 7.1588156883 5.4341288593 1.6739147949 
11.2536430930 7.5892617188 3.6392135323 1.5667317190 
13.1627436953 15.1125012223 4.6123738082 1.5921163362 
8.4402073620 1.5132314112 5.5581816520 1.6677922621 
- 
13.6332021489 21.4524950983 5.7215455326 2.3165042087 
13.6332021489 21.4524950983 5.7215455326 2.3165042087 
8.2969212877 1.4499972074 5.9367912524 1.0445289964 
8.2969212877 1.4499972074 5.9367912524 1.0445289964 
11.2536430930 7.5892617188 3.5895487723 1.5667317190 
12.5447493352 9.8729609433 4.1467404909 1.7359554460 
13.1627436953 15.5615019849 3.9436281586 1.6045890420 
9.9194589106 7.1588156883 5.4341288593 1.6739147949 
8.4545216229 5.7460801261 7.4218890628 1.0445289964 
9.6509146424 6.5458937717 5.9974479987 1.6739147949 
11.4996952745 12.5409560472 4.8250248497 1.6706756178 
9.5802865242 5.7460801261 5.9367912524 1.0445289964 
8.8517186134 4.1330379040 5.1935338015 1.4224434147 
11.5267195582 14.3914313814 4.5076948628 1.6705492352 
8.4402073620 2.0595795730 5.5581816520 1.6846025561 
11.6837403971 12.9445816358 6.9349231993 1.7702597402 
8.4402073620 3.7993607609 5.5581816520 1.6677922621 
8.4402073620 3.7993607609 5.5581816520 1.6677922621 
13.1627436953 14.3914313814 4.6123738082 1.6705492352 
13.1627436953 15.1125012223 4.6123738082 1.5921163362 
- 
13.6332021489 21.4524950983 5.7215455326 2.3165042087 
13.6332021489 21.4524950983 5.7215455326 2.3165042087 
8.2969212877 1.4499972074 5.9367912524 1.0445289964 
8.2969212877 1.4499972074 5.9367912524 1.0445289964 
13.1627436953 15.5615019849 3.9436281586 1.6045890420 
13.0272907242 7.1588156883 3.9761930073 1.6088858513 
11.2536430930 7.5892617188 3.5895487723 1.5667317190 
12.5447493352 9.8729609433 4.1467404909 1.7359554460 
9.5802865242 5.7460801261 5.9367912524 1.0445289964 
8.4545216229 5.7460801261 7.4218890628 1.0445289964 
9.9194589106 7.1588156883 5.4341288593 1.6739147949 
9.6509146424 6.5458937717 5.9974479987 1.6739147949 
11.4996952745 12.5409560472 4.8250248497 1.6706756178 
8.8517186134 4.1330379040 5.1935338015 1.4224434147 
8.8517186134 1.8496755059 5.1935338015 1.6474409064 
11.6837403971 12.9445816358 6.9349231993 1.7702597402 
11.5267195582 14.3914313814 4.5076948628 1.6705492352 
8.4402073620 2.0595795730 5.5581816520 1.4539103520 
8.4402073620 3.7993607609 5.5581816520 1.6677922621 
8.4402073620 3.7993607609 5.5581816520 1.6677922621 
- 
13.6332021489 21.4524950983 5.7215455326 2.3165042087 
13.6332021489 21.4524950983 5.7215455326 2.3165042087 
8.2969212877 1.4499972074 5.9367912524 1.0445289964 
8.2969212877 1.4499972074 5.9367912524 1.0445289964 
13.1627436953 15.5615019849 3.9436281586 1.6045890420 
12.9902911904 13.4406059521 3.9761930073 1.6088858513 
13.0272907242 7.1588156883 3.9761930073 1.6088858513 
11.4996952745 12.5409560472 4.8250248497 1.6706756178 
11.2536430930 7.5892617188 3.5895487723 1.5667317190 
11.3896037063 10.8654029573 3.5895487723 1.6947124442 
8.4545216229 5.7460801261 7.4218890628 1.0445289964 
9.6509146424 7.0181136343 4.2012691420 1.6739147949 
9.9194589106 7.1588156883 5.4341288593 1.6739147949 
8.8517186134 4.1330379040 5.1935338015 1.4224434147 
8.8517186134 1.8496755059 5.1935338015 1.6474409064 
9.5802865242 5.7460801261 5.9367912524 1.0445289964 
8.4402073620 2.0595795730 5.5581816520 1.4539103520 
8.4402073620 3.7993607609 5.5581816520 1.6677922621 
8.4402073620 3.7993607609 5.5581816520 1.6677922621 
9.5802865242 5.7460801261 5.9367912524 1.0445289964 
- 
13.6332021489 21.4524950983 5.7215455326 2.3165042087 
13.6332021489 21.4524950983 5.7215455326 2.3165042087 
8.2969212877 1.4499972074 5.9367912524 1.0445289964 
8.2969212877 1.4499972074 5.9367912524 1.0445289964 
13.1627436953 15.5615019849 3.9436281586 1.6045890420 
11.2536430930 7.5892617188 3.5895487723 1.5411305541 
11.3896037063 10.8654029573 3.5895487723 1.6947124442 
9.5018852495 5.7460801261 5.9367912524 1.0445289964 
13.0272907242 7.1588156883 3.9761930073 1.6088858513 
12.9902911904 13.4406059521 3.9761930073 1.6088858513 
11.4996952745 12.5409560472 4.8250248497 1.6706756178 
8.4545216229 5.7460801261 7.4218890628 1.0445289964 
13.0678767435 14.4153909851 3.9767726675 1.6045890420 
9.9194589106 7.1588156883 5.4341288593 1.6739147949 
8.8517186134 4.1330379040 5.1531501713 1.2971504025 
8.4402073620 2.0595795730 5.5581816520 1.4539103520 
8.4402073620 2.6536331896 5.5581816520 1.5054500409 
9.6509146424 7.0181136343 4.2012691420 1.6739147949 
8.4402073620 3.2342287387 5.5581816520 1.6171798692 
8.5248854285 3.7993607609 5.5581816520 1.6677922621 
- 
13.6332021489 21.4524950983 5.7215455326 2.3165042087 
13.6332021489 21.4524950983 5.7215455326 2.3165042087 
8.2969212877 1.4499972074 5.9367912524 1.0445289964 
8.2969212877 1.4499972074 5.9367912524 1.0445289964 
13.1627436953 15.5615019849 3.9436281586 1.6045890420 
11.2536430930 7.5892617188 3.5895487723 1.5411305541 
13.4315803715 7.5892617188 3.5895487723 1.5411305541 
11.4996952745 12.5409560472 4.8250248497 1.6706756178 
8.4545216229 5.7460801261 7.4218890628 1.0445289964 
12.9902911904 13.4406059521 3.9761930073 1.6088858513 
11.3896037063 10.8654029573 3.5895487723 1.6947124442 
9.6509146424 7.0181136343 4.2012691420 1.6739147949 
9.9194589106 7.1588156883 5.4341288593 1.6739147949 
9.5018852495 5.7460801261 5.9367912524 1.0445289964 
13.0678767435 14.4153909851 3.9767726675 1.5631573756 
8.8517186134 4.1330379040 5.1531501713 1.2971504025 
8.4402073620 2.6536331896 4.6036734898 1.5552761363 
8.4402073620 2.0595795730 5.5581816520 1.4539103520 
12.9902911904 15.6480614061 3.9761930073 1.6088858513 
9.5018852495 5.7460801261 5.9367912524 1.0445289964 
- 
13.6332021489 21.4524950983 5.7215455326 2.3165042087 
13.6332021489 21.4524950983 5.7215455326 2.3165042087 
8.2969212877 1.4499972074 5.9367912524 1.0445289964 
8.2969212877 1.4499972074 5.9367912524 1.0445289964 
13.1627436953 15.5615019849 3.9436281586 1.6045890420 
13.4315803715 7.5892617188 3.5895487723 1.5411305541 
8.8517186134 4.1330379040 3.6622971930 1.2971504025 
11.4996952745 12.5409560472 4.8250248497 1.6706756178 
8.4545216229 5.7460801261 7.4218890628 1.0445289964 
11.3896037063 10.8654029573 3.5895487723 1.6947124442 
12.9902911904 13.4406059521 3.9761930073 1.6088858513 
11.2536430930 7.5892617188 3.5895487723 1.5411305541 
9.9194589106 7.1588156883 5.4341288593 1.6739147949 
9.5018852495 5.7460801261 5.9367912524 1.0445289964 
13.0678767435 14.4153909851 3.9767726675 1.5631573756 
8.4402073620 2.6536331896 4.6036734898 1.5552761363 
11.2536430930 7.5892617188 3.5895487723 1.5411305541 
12.9902911904 15.6480614061 3.9761930073 1.6088858513 
9.4877007142 6.6372164911 5.6338232962 1.4838475442 
9.6509146424 7.0181136343 4.2012691420 1.6739147949 
- 
13.6332021489 21.4524950983 5.7215455326 2.3165042087 
13.6332021489 21.4524950983 5.7215455326 2.3165042087 
8.2969212877 1.4499972074 5.9367912524 1.0445289964 
8.2969212877 1.4499972074 5.9367912524 1.0445289964 
13.1627436953 15.5615019849 3.9436281586 1.6045890420 
8.4402073620 2.6536331896 4.6036734898 1.5552761363 
12.6217546438 11.3857260846 4.0688306910 1.5621063169 
12.9902911904 13.4406059521 3.9761930073 1.6088858513 
8.8517186134 4.1330379040 3.6622971930 1.2971504025 
11.2536430930 8.8910686969 3.5895487723 1.5606175927 
8.4545216229 5.7460801261 7.4218890628 1.0445289964 
11.6287849251 9.7082108518 3.5037527951 1.5879631054 
9.5131351645 5.5786991055 5.6376415056 1.1786262616 
9.4475011955 7.0181136343 4.7133923654 1.0107892108 
11.2536430930 7.5892617188 3.5895487723 1.5411305541 
11.3896037063 10.8654029573 3.5895487723 1.6947124442 
9.9088843216 7.3658055780 5.7337152442 1.5537493273 
9.5018852495 5.7460801261 5.9367912524 1.0445289964 
9.6509146424 7.0181136343 4.2012691420 1.6739147949 
13.0678767435 14.4153909851 3.9767726675 1.5631573756 
- 
13.6332021489 21.4524950983 5.7215455326 2.3165042087 
13.6332021489 21.4524950983 5.7215455326 2.3165042087 
8.2969212877 1.4499972074 5.9367912524 1.0445289964 
8.2969212877 1.4499972074 5.9367912524 1.0445289964 
13.1627436953 15.5615019849 3.9436281586 1.6045890420 
11.3896037063 10.8654029573 3.5895487723 1.1616965660 
8.4545216229 5.6422312536 4.1567027348 1.0445289964 
9.4545724374 5.4449390754 3.5775412922 1.1779875760 
11.2536430930 7.5892617188 3.5895487723 1.5411305541 
11.6287849251 9.7082108518 3.5037527951 1.5879631054 
8.8517186134 4.1330379040 3.6622971930 1.2971504025 
8.4402073620 2.6536331896 4.6036734898 1.5552761363 
13.0678767435 14.4153909851 3.9767726675 1.5631573756 
9.8985303032 7.6617907903 5.7337152442 1.1981018253 
12.6217546438 11.3857260846 4.0688306910 1.5621063169 
9.5018852495 5.7460801261 5.9367912524 1.0445289964 
12.6703768558 13.4406059521 3.9455278342 1.5993923188 
12.9419210513 11.3857260846 4.0998824076 1.5716360084 
8.4402073620 2.6536331896 4.6036734898 1.5552761363 
13.1627436953 15.5615019849 3.9436281586 1.6045890420 
- 
13.6332021489 21.4524950983 5.7215455326 2.3165042087 
13.6332021489 21.4524950983 5.7215455326 2.3165042087 
8.2969212877 1.4499972074 5.9367912524 1.0445289964 
8.2969212877 1.4499972074 5.9367912524 1.0445289964 
13.1627436953 15.5615019849 3.9436281586 1.6045890420 
11.2536430930 7.5892617188 3.5895487723 1.5411305541 
9.8985303032 7.6617907903 5.3094087408 1.1147266243 
11.6287849251 9.7082108518 3.5037527951 1.5879631054 
9.5018852495 5.7460801261 5.9367912524 1.0445289964 
11.3896037063 10.8654029573 3.5895487723 1.1616965660 
13.0678767435 14.4153909851 3.9767726675 1.5631573756 
8.8517186134 4.1330379040 3.6622971930 1.2971504025 
8.4402073620 2.6536331896 4.6036734898 1.5552761363 
12.6217546438 11.3857260846 4.0688306910 1.5621063169 
12.6703768558 13.4406059521 3.9455278342 1.5993923188 
8.8778563758 5.6097630974 3.6118805185 1.0690501058 
8.4402073620 2.6536331896 4.6036734898 1.5552761363 
13.1627436953 15.5615019849 3.9436281586 1.6045890420 
9.4545724374 5.4449390754 3.5775412922 1.1779875760 
8.8517186134 4.1330379040 3.6622971930 1.2971504025 
- 
13.6332021489 21.4524950983 5.7215455326 2.3165042087 
13.6332021489 21.4524950983 5.7215455326 2.3165042087 
8.2969212877 1.4499972074 5.9367912524 1.0445289964 
8.2969212877 1.4499972074 5.9367912524 1.0445289964 
13.1627436953 15.5615019849 3.9436281586 1.6045890420 
9.8985303032 7.6617907903 5.3094087408 1.1147266243 
12.6703768558 13.4406059521 3.9455278342 1.5993923188 
11.2536430930 7.5892617188 3.5895487723 1.5411305541 
12.8572944558 7.5892617188 3.5895487723 1.5963711227 
8.8778563758 5.6097630974 3.6118805185 1.0690501058 
9.5018852495 5.7460801261 5.9367912524 1.0445289964 
8.8517186134 4.1330379040 3.6622971930 1.2971504025 
8.4402073620 2.6536331896 4.6036734898 1.5552761363 
12.6217546438 11.3857260846 4.0688306910 1.5621063169 
11.3896037063 10.8654029573 3.5895487723 1.1616965660 
11.6287849251 9.7082108518 3.5037527951 1.5879631054 
13.0678767435 14.4153909851 3.9767726675 1.5631573756 
8.4402073620 2.6536331896 4.6036734898 1.5552761363 
13.1627436953 15.5615019849 3.9436281586 1.6045890420 
8.8517186134 4.1330379040 3.6622971930 1.2971504025 
- 
13.6332021489 21.4524950983 5.7215455326 2.3165042087 
13.6332021489 21.4524950983 5.7215455326 2.3165042087 
8.2969212877 1.4499972074 5.9367912524 1.0445289964 
8.2969212877 1.4499972074 5.9367912524 1.0445289964 
13.1627436953 15.5615019849 3.9436281586 1.6045890420 
9.5018852495 5.7460801261 5.9367912524 1.0445289964 
9.8985303032 7.6617907903 5.3094087408 1.1147266243 
8.9638455758 4.1330379040 3.6622971930 1.0405095677 
11.2536430930 7.5892617188 3.5895487723 1.5411305541 
11.0025380179 9.2534609480 3.5723289960 1.5815216604 
12.6703768558 13.4406059521 3.9455278342 1.5993923188 
8.4402073620 2.6536331896 4.6036734898 1.5552761363 
11.6287849251 9.7082108518 3.5037527951 1.5879631054 
8.8778563758 5.6097630974 3.6118805185 1.0690501058 
13.0678767435 14.4153909851 3.9767726675 1.5631573756 
12.9412057766 11.8765918458 3.9652634598 1.5590397977 
7.9018822055 2.6536331896 4.4000266946 1.5630441389 
8.8778563758 5.9533997196 3.5945605999 1.0690501058 
11.3896037063 10.8654029573 3.5216553886 1.2991145835 
12.6217546438 11.3857260846 4.0688306910 1.5621063169 
- 
13.6332021489 21.4524950983 5.7215455326 2.3165042087 
13.6332021489 21.4524950983 5.7215455326 2.3165042087 
8.2969212877 1.4499972074 5.9367912524 1.0445289964 
8.2969212877 1.4499972074 5.9367912524 1.0445289964 
13.1627436953 15.5615019849 3.9436281586 1.6045890420 
9.8985303032 7.6617907903 5.3094087408 1.1147266243 
8.4402073620 2.6536331896 4.6036734898 1.5552761363 
11.2536430930 7.5892617188 3.5895487723 1.5411305541 
11.0025380179 9.2534609480 3.5723289960 1.5295623348 
13.0678767435 14.4153909851 3.9767726675 1.5631573756 
12.6703768558 13.4406059521 3.9455278342 1.5993923188 
9.5018852495 5.7460801261 5.9367912524 1.0445289964 
8.9638455758 4.1330379040 3.6622971930 0.8616592769 
11.3896037063 10.8654029573 3.5216553886 1.2991145835 
11.6287849251 9.7082108518 3.5037527951 1.5879631054 
11.5627593135 12.2088921685 3.5336572736 1.5879631054 
7.9018822055 2.6536331896 4.4000266946 1.5630441389 
8.8778563758 5.9533997196 3.5945605999 1.0690501058 
8.8778563758 5.6097630974 3.6118805185 1.0690501058 
13.1627436953 15.5615019849 3.9436281586 1.6045890420 
- 
13.6332021489 21.4524950983 5.7215455326 2.3165042087 
13.6332021489 21.4524950983 5.7215455326 2.3165042087 
8.2969212877 1.4499972074 5.9367912524 1.0445289964 
8.2969212877 1.4499972074 5.9367912524 1.0445289964 
13.1627436953 15.5615019849 3.9436281586 1.6045890420 
8.9638455758 4.1330379040 3.6622971930 0.8616592769 
11.5627593135 12.2088921685 3.5336572736 1.5879631054 
12.6703768558 13.4406059521 3.9455278342 1.5993923188 
11.0025380179 9.2534609480 3.5723289960 1.5295623348 
13.0678767435 14.4153909851 3.9767726675 1.5631573756 
10.4161227754 5.7460801261 5.4855520634 1.0445289964 
9.8985303032 7.6617907903 5.3094087408 1.1147266243 
9.5018852495 5.7460801261 5.9367912524 1.0445289964 
8.5652441783 2.6536331896 4.4000266946 1.5630441389 
11.3896037063 10.8654029573 3.5216553886 1.2991145835 
7.9018822055 2.6536331896 4.4000266946 1.5630441389 
8.8778563758 5.9533997196 3.5945605999 1.0690501058 
13.1627436953 15.5615019849 3.9436281586 1.6045890420 
11.2536430930 7.5892617188 3.5895487723 1.5411305541 
11.2536430930 7.5892617188 3.5895487723 1.5411305541 
- 
13.6332021489 21.4524950983 5.7215455326 2.3165042087 
13.6332021489 21.4524950983 5.7215455326 2.3165042087 
8.2969212877 1.4499972074 5.9367912524 1.0445289964 
8.2969212877 1.4499972074 5.9367912524 1.0445289964 
13.1627436953 15.5615019849 3.9436281586 1.6045890420 
11.0025380179 9.2534609480 3.5723289960 1.5295623348 
8.8778563758 5.9533997196 3.5945605999 1.0690501058 
8.5652441783 2.6536331896 4.4000266946 1.5630441389 
8.9638455758 4.1330379040 3.6622971930 0.8616592769 
12.2287610053 13.4406059521 3.9455278342 1.5993923188 
11.3896037063 10.8654029573 3.5216553886 1.2991145835 
10.4161227754 5.7460801261 5.4855520634 1.0445289964 
13.0678767435 14.4153909851 3.9767726675 1.5631573756 
11.5627593135 12.2088921685 3.5336572736 1.5879631054 
9.8985303032 7.6617907903 5.3094087408 1.1147266243 
9.5018852495 5.7460801261 5.9367912524 1.0445289964 
12.0052377460 12.2088921685 3.5336572736 1.5879631054 
11.3896037063 10.8654029573 3.5216553886 1.2991145835 
8.9638455758 4.1330379040 3.6622971930 0.8616592769 
9.9552977789 5.7460801261 5.4855520634 1.1560836050 
- 
13.6332021489 21.4524950983 5.7215455326 2.3165042087 
13.6332021489 21.4524950983 5.7215455326 2.3165042087 
8.2477177270 1.8585664227 5.6869273291 0.8616592769 
13.1627436953 15.5615019849 3.9436281586 1.6045890420 
9.8985303032 7.6617907903 5.3094087408 1.1147266243 
11.0025380179 9.2534609480 3.5723289960 1.5295623348 
8.8778563758 5.9533997196 3.5945605999 1.0690501058 
13.0678767435 14.4153909851 3.9767726675 1.5631573756 
8.5652441783 2.6536331896 4.4000266946 1.5630441389 
10.4161227754 5.7460801261 5.4855520634 1.0445289964 
8.9638455758 4.1330379040 3.6622971930 0.8616592769 
8.9638455758 4.6977560688 3.6544651173 0.8616592769 
11.5627593135 12.2088921685 3.5336572736 1.5752956781 
10.7344043533 10.4601023501 3.5495075454 1.1560836050 
12.0052377460 12.2088921685 3.5336572736 1.5879631054 
9.5018852495 5.7460801261 5.9367912524 1.0445289964 
8.8941513349 2.2198912800 4.4000266946 1.3519616268 
11.8596143652 10.8654029573 3.5334947542 1.2991145835 
12.2287610053 13.7568249887 3.9546777804 1.5993923188 
12.2287610053 13.4406059521 3.9455278342 1.5993923188 
- 
13.6332021489 21.4524950983 5.7215455326 2.3165042087 
13.6332021489 21.4524950983 5.7215455326 2.3165042087 
8.2477177270 1.8585664227 5.6869273291 0.8616592769 
13.1627436953 15.5615019849 3.9436281586 1.6045890420 
9.8985303032 7.6617907903 5.3094087408 1.1147266243 
12.2489938445 6.4560869020 3.5336572736 1.6206169439 
13.0678767435 14.4153909851 3.9767726675 1.5631573756 
11.0025380179 9.2534609480 3.5723289960 1.5295623348 
11.8596143652 10.8654029573 3.5334947542 1.2991145835 
12.2148478439 4.2684293979 2.8605040959 1.2971786622 
8.8778563758 5.9533997196 3.5945605999 1.0690501058 
8.9638455758 3.8416171137 3.6544651173 0.8616592769 
11.5627593135 12.2088921685 3.5336572736 1.5752956781 
8.5652441783 2.6536331896 4.4000266946 1.5630441389 
12.0052377460 12.2088921685 3.5336572736 1.5879631054 
9.5018852495 5.7460801261 5.9367912524 1.0445289964 
8.8941513349 2.2198912800 4.4000266946 1.3519616268 
11.3332870683 10.4601023501 3.5495075454 1.1606148795 
10.7344043533 10.4601023501 3.5495075454 1.1560836050 
8.9638455758 5.0222445809 3.6622971930 0.8616592769 
- 
13.6332021489 21.4524950983 5.7215455326 2.3165042087 
13.6332021489 21.4524950983 5.7215455326 2.3165042087 
8.2477177270 1.8585664227 5.6869273291 0.8616592769 
8.2477177270 1.8585664227 5.6869273291 0.8616592769 
13.1627436953 15.5615019849 3.9436281586 1.6045890420 
13.0678767435 14.4153909851 3.9767726675 1.5631573756 
8.9638455758 3.8416171137 3.4228084255 0.8616592769 
10.7344043533 7.4361186722 3.5495075454 1.0047883628 
12.2489938445 6.4560869020 3.5336572736 1.6206169439 
11.0025380179 9.2534609480 3.5723289960 1.5295623348 
8.9638455758 5.0222445809 3.6622971930 0.8616592769 
11.8596143652 10.8654029573 3.5334947542 1.2991145835 
8.8778563758 5.9533997196 3.5945605999 1.0690501058 
12.2148478439 4.2684293979 2.8605040959 1.2971786622 
11.5627593135 12.2088921685 3.5336572736 1.5752956781 
13.1627436953 15.5615019849 3.9436281586 1.6045890420 
8.8941513349 2.2198912800 4.4000266946 1.3087016295 
12.0052377460 12.2088921685 3.5336572736 1.5879631054 
11.3332870683 10.4601023501 3.5495075454 1.1606148795 
12.0052377460 12.2088921685 3.5336572736 1.5879631054 
- 
13.6332021489 21.4524950983 5.7215455326 2.3165042087 
13.6332021489 21.4524950983 5.7215455326 2.3165042087 
8.2477177270 1.8585664227 5.6869273291 0.4690444569 
13.1627436953 15.5615019849 3.9436281586 1.6045890420 
10.7344043533 5.3761612382 2.9595130536 1.0047883628 
10.7344043533 7.4361186722 3.5495075454 1.0047883628 
8.8941513349 2.2198912800 4.4000266946 1.3087016295 
8.9638455758 3.8416171137 3.4228084255 0.8616592769 
11.0025380179 9.2534609480 3.5723289960 1.5295623348 
11.3332870683 10.4601023501 3.5495075454 1.1606148795 
12.2489938445 6.4560869020 3.5336572736 1.6141476685 
12.1757172230 12.2088921685 3.5336572736 1.5752956781 
8.9638455758 5.0222445809 3.6622971930 0.8616592769 
13.1233290507 14.3552452365 3.9767726675 1.5631573756 
11.8596143652 10.8654029573 3.5334947542 1.2991145835 
11.5627593135 12.2088921685 3.5336572736 1.5752956781 
9.0967135233 5.7296446140 3.9475112521 1.1143234514 
12.5519740334 15.5615019849 3.9436281586 1.6045890420 
8.9638455758 5.9303791130 4.0586899974 0.8616592769 
13.1627436953 15.5615019849 3.9436281586 1.6045890420 
- 
13.6332021489 21.4524950983 5.7215455326 2.3165042087 
13.6332021489 21.4524950983 5.7215455326 2.3165042087 
8.2477177270 1.8585664227 5.6869273291 0.4690444569 
13.1627436953 15.5615019849 3.9436281586 1.6045890420 
8.9601328495 2.2198912800 3.8838382565 1.3087016295 
8.9638455758 3.8416171137 3.4228084255 0.8616592769 
13.1233290507 14.3552452365 3.9767726675 1.5631573756 
12.1757172230 12.2088921685 3.5336572736 1.5752956781 
11.0025380179 9.2534609480 3.5723289960 1.5295623348 
11.3332870683 10.4601023501 3.5495075454 1.1606148795 
11.2276675899 7.8094848115 3.5723289960 1.4488880501 
8.9638455758 5.0222445809 3.6622971930 0.8616592769 
10.7344043533 5.3761612382 2.9595130536 1.0047883628 
11.8596143652 10.8654029573 3.5334947542 1.2991145835 
11.5627593135 12.2088921685 3.5336572736 1.5752956781 
10.7344043533 7.4361186722 3.5495075454 1.0047883628 
10.7344043533 7.4361186722 3.5495075454 1.0047883628 
9.0967135233 5.7296446140 3.9475112521 1.1143234514 
10.7344043533 5.3761612382 2.9595130536 1.0047883628 
8.9638455758 5.9303791130 4.0586899974 0.8616592769 
- 
13.6332021489 21.4524950983 5.7215455326 2.3165042087 
13.6332021489 21.4524950983 5.7215455326 2.3165042087 
8.2477177270 1.8585664227 5.6869273291 0.4690444569 
13.1627436953 15.5615019849 3.9436281586 1.6045890420 
13.1233290507 14.3552452365 3.9767726675 1.5631573756 
8.9601328495 2.2198912800 3.8838382565 1.3087016295 
12.1757172230 12.2088921685 3.5336572736 1.5752956781 
10.8201719910 8.4016073307 3.6428101980 1.0654785414 
10.7344043533 4.8543166957 2.9595130536 0.9153577662 
11.8596143652 10.8654029573 3.5334947542 1.1607945946 
8.9638455758 3.8416171137 3.4228084255 0.8616592769 
11.5627593135 12.2088921685 3.5398399703 1.4676352966 
9.0298600541 4.9682016476 3.8554616480 1.0537031876 
10.7344043533 7.4361186722 3.5495075454 1.0047883628 
10.7344043533 7.4361186722 3.5495075454 1.0047883628 
9.1885576155 4.0114290976 3.5855505331 0.7906554363 
10.7344043533 5.3761612382 2.9595130536 1.0047883628 
10.7344043533 5.3761612382 2.9595130536 1.0047883628 
11.0258287736 9.3826517617 3.6491410475 1.5805173433 
11.3332870683 10.4601023501 3.5495075454 1.1606148795 
- 
13.6332021489 21.4524950983 5.7215455326 2.3165042087 
13.6332021489 21.4524950983 5.7215455326 2.3165042087 
8.2477177270 1.8585664227 5.6869273291 0.4690444569 
13.1627436953 15.5615019849 3.9436281586 1.6045890420 
13.1233290507 14.3552452365 3.9767726675 1.5631573756 
8.9601328495 2.2198912800 3.8838382565 1.3087016295 
9.0298600541 4.9682016476 3.8554616480 1.0537031876 
10.8201719910 8.4084574216 3.6375278642 1.0654785414 
11.0332537131 9.3826517617 3.5329037948 1.5805173433 
10.7344043533 4.8543166957 2.9595130536 0.9153577662 
12.1757172230 12.2955034364 3.5390686430 1.5752956781 
8.9638455758 3.8416171137 3.4228084255 0.8616592769 
11.5627593135 12.2088921685 3.5398399703 1.3672590516 
10.7344043533 7.4361186722 3.5495075454 1.0047883628 
10.7344043533 7.4361186722 3.5495075454 1.0047883628 
9.1885576155 4.0114290976 3.5855505331 0.7906554363 
10.7344043533 5.3761612382 2.9595130536 1.0047883628 
10.7344043533 5.3761612382 2.9595130536 1.0047883628 
11.3261386994 10.4601023501 3.6660300697 1.1606148795 
11.8596143652 10.8654029573 3.5334947542 1.1607945946 
- 
13.6332021489 21.4524950983 5.7215455326 2.3165042087 
13.6332021489 21.4524950983 5.7215455326 2.3165042087 
8.2477177270 1.8585664227 5.6869273291 0.4690444569 
13.1627436953 15.5615019849 3.9436281586 1.6045890420 
12.1757172230 12.2955034364 3.5390686430 1.5752956781 
9.0298600541 4.9682016476 3.8554616480 1.0537031876 
11.0332537131 9.3826517617 3.5329037948 1.5805173433 
10.7344043533 4.8543166957 2.9595130536 0.9153577662 
8.9601328495 2.2198912800 3.8838382565 1.3087016295 
8.9638455758 3.8416171137 3.4228084255 0.8616592769 
11.5627593135 12.2088921685 3.5398399703 1.3672590516 
13.1233290507 14.3552452365 3.9767726675 1.5631573756 
10.8201719910 8.4084574216 3.6375278642 1.0654785414 
10.7344043533 7.4361186722 3.5495075454 1.0047883628 
9.1885576155 4.0114290976 3.5855505331 0.7906554363 
10.7344043533 7.4361186722 3.5495075454 1.0047883628 
11.3261386994 10.4601023501 3.6660300697 1.1606148795 
11.8596143652 10.8654029573 3.5334947542 1.1607945946 
13.1233290507 14.3552452365 3.9767726675 1.5631573756 
10.7344043533 5.3761612382 2.9595130536 1.0047883628 
- 
13.6332021489 21.4524950983 5.7215455326 2.3165042087 
13.6332021489 21.4524950983 5.7215455326 2.3165042087 
8.2477177270 1.8585664227 5.6869273291 0.4690444569 
13.7603282140 14.3552452365 3.6446640350 1.5631573756 
8.9601328495 2.2198912800 3.8838382565 1.3087016295 
12.1757172230 12.2955034364 3.5390686430 1.5752956781 
9.0298600541 4.9682016476 3.8554616480 1.0537031876 
10.8201719910 8.4084574216 3.5555138122 1.0550485363 
11.8596143652 10.8654029573 3.5334947542 1.1607945946 
11.3261386994 10.4601023501 3.6660300697 1.1606148795 
9.7335439053 7.0116245906 3.5547611565 0.8921085752 
11.5627593135 12.2088921685 3.5398399703 1.3672590516 
13.1233290507 14.3552452365 3.9767726675 1.5631573756 
10.7344043533 4.8543166957 2.9595130536 0.9153577662 
13.1233290507 14.3552452365 3.9767726675 1.5631573756 
9.1885576155 4.0114290976 3.5855505331 0.7906554363 
8.9598579847 3.8416171137 3.4228084255 0.8152853073 
11.0332537131 9.3826517617 3.5329037948 1.5805173433 
10.7344043533 5.3761612382 2.9595130536 1.0047883628 
10.7344043533 7.4361186722 3.5495075454 1.0047883628 
- 
13.6332021489 21.4524950983 5.7215455326 2.3165042087 
13.6332021489 21.4524950983 5.7215455326 2.3165042087 
8.2477177270 1.8585664227 5.6869273291 0.4690444569 
13.7603282140 14.3552452365 3.6446640350 1.5631573756 
8.9601328495 2.2198912800 3.8838382565 1.3087016295 
12.1757172230 12.2955034364 3.5390686430 1.5752956781 
9.0298600541 4.9682016476 3.8554616480 1.0537031876 
11.0332537131 9.3826517617 3.5329037948 1.5805173433 
9.7335439053 7.0116245906 3.5547611565 0.8921085752 
8.9598579847 3.8416171137 3.4228084255 0.8152853073 
11.5627593135 12.2088921685 3.5398399703 1.3672590516 
10.7344043533 7.4361186722 3.5495075454 1.0047883628 
10.8201719910 8.4084574216 3.5555138122 1.0550485363 
10.7344043533 4.8543166957 2.9595130536 0.9153577662 
11.8596143652 10.8654029573 3.5334947542 1.1607945946 
13.1233290507 14.3552452365 3.9767726675 1.5631573756 
13.1233290507 14.3552452365 3.9767726675 1.5631573756 
9.1885576155 4.0114290976 3.5855505331 0.7906554363 
11.3261386994 10.4601023501 3.6660300697 1.1606148795 
10.7344043533 5.3761612382 2.9595130536 1.0047883628 
- 
13.6332021489 21.4524950983 5.7215455326 2.3165042087 
13.6332021489 21.4524950983 5.7215455326 2.3165042087 
8.2477177270 1.8585664227 5.6869273291 0.4690444569 
13.7603282140 14.3552452365 3.6446640350 1.5631573756 
8.9601328495 2.2198912800 3.0706486044 1.3087016295 
12.1757172230 12.2955034364 3.5390686430 1.5752956781 
9.0298600541 4.9682016476 3.8554616480 1.0537031876 
11.0332537131 9.3826517617 3.5329037948 1.5805173433 
10.7344043533 7.4361186722 3.5495075454 1.0047883628 
13.0279768290 10.8654029573 3.5334947542 1.2897047354 
10.7344043533 4.8543166957 2.9595130536 0.9153577662 
11.3261386994 10.4601023501 3.6660300697 1.1606148795 
10.8201719910 8.4084574216 3.5555138122 1.0550485363 
9.1885576155 4.0114290976 3.5855505331 0.7906554363 
8.9598579847 3.8416171137 3.4228084255 0.8152853073 
11.8596143652 10.8654029573 3.5334947542 1.1607945946 
10.7344043533 5.3761612382 2.9595130536 1.0047883628 
9.7335439053 7.0116245906 3.5547611565 0.8921085752 
11.5065593482 7.4361186722 3.5489525975 1.0047883628 
13.1233290507 14.3552452365 3.9124331492 1.5631573756 
- 
13.6332021489 21.4524950983 5.7215455326 2.3165042087 
13.6332021489 21.4524950983 5.7215455326 2.3165042087 
8.2477177270 1.8585664227 5.6869273291 0.4690444569 
13.7603282140 14.3552452365 3.6446640350 1.5631573756 
8.9601328495 2.2198912800 3.0061150478 1.3087016295 
12.1757172230 12.2955034364 3.5390686430 1.5752956781 
9.0298600541 4.9682016476 3.8554616480 1.0537031876 
8.9598579847 3.8416171137 3.4228084255 0.8152853073 
11.0332537131 9.3826517617 3.5329037948 1.2548775053 
13.1233290507 14.3552452365 3.9124331492 1.5631573756 
10.7344043533 7.4361186722 3.5495075454 1.0047883628 
9.7335439053 7.0116245906 3.5547611565 0.8921085752 
11.8596143652 10.8654029573 3.5334947542 1.1607945946 
10.7344043533 4.8543166957 2.9595130536 0.9153577662 
13.0279768290 10.8654029573 3.5334947542 1.2897047354 
9.1885576155 4.0114290976 3.5855505331 0.7906554363 
10.8201719910 8.4084574216 3.5555138122 1.0550485363 
11.3261386994 10.4601023501 3.6660300697 1.1606148795 
11.5065593482 7.4361186722 3.5489525975 1.0047883628 
10.7344043533 5.3761612382 2.9595130536 1.0047883628 
- 
13.6332021489 21.4524950983 5.7215455326 2.3165042087 
13.6332021489 21.4524950983 5.7215455326 2.3165042087 
8.9601328495 2.2198912800 2.5343632097 0.2760181409 
13.7603282140 14.3552452365 3.6446640350 1.5631573756 
13.1233290507 14.3552452365 3.9124331492 1.5631573756 
12.1757172230 12.2955034364 3.5390686430 1.5752956781 
8.9601328495 2.2198912800 3.0061150478 1.3087016295 
11.0332537131 9.3826517617 3.5329037948 1.2548775053 
11.3261386994 10.4601023501 3.6660300697 1.1606148795 
10.7344043533 4.8543166957 2.9595130536 0.9153577662 
11.8596143652 10.8654029573 3.5334947542 1.1607945946 
8.9598579847 3.8416171137 3.4228084255 0.8152853073 
13.0279768290 10.8654029573 3.5334947542 1.2897047354 
9.0298600541 4.9682016476 3.8554616480 1.0537031876 
10.8201719910 8.4084574216 3.5555138122 1.0550485363 
9.7335439053 7.0116245906 3.5535091593 0.8921085752 
9.1885576155 4.0114290976 3.5855505331 0.7906554363 
10.7344043533 7.4361186722 3.5495075454 1.0047883628 
10.7344043533 5.3761612382 2.9595130536 1.0047883628 
8.9799464114 4.9682016476 3.8554616480 1.0537031876 
- 
13.6332021489 21.4524950983 5.7215455326 2.3165042087 
13.6332021489 21.4524950983 5.7215455326 2.3165042087 
8.9601328495 2.2198912800 2.5343632097 0.2760181409 
13.7603282140 14.3552452365 3.6446640350 1.5631573756 
8.9601328495 2.2198912800 3.0061150478 1.3087016295 
10.7344043533 7.4361186722 3.5495075454 0.9317279458 
8.9598579847 3.8416171137 3.4228084255 0.8152853073 
11.8596143652 10.8654029573 3.5334947542 1.1607945946 
13.1233290507 14.3552452365 3.9124331492 1.5631573756 
13.8604655063 12.2955034364 3.8372859734 1.5743814714 
9.7335439053 7.0116245906 3.5535091593 0.8921085752 
13.0279768290 10.8654029573 3.5334947542 1.2897047354 
9.0298600541 4.9682016476 3.8554616480 0.8394298420 
10.8201719910 8.4084574216 3.5552963580 1.0550485363 
11.0332537131 9.3826517617 3.5329037948 1.2548775053 
12.1757172230 12.2955034364 3.5390686430 1.5752956781 
9.2687456864 5.3761612382 3.8782315526 1.0047883628 
9.1885576155 4.0114290976 3.5855505331 0.7906554363 
10.7344043533 5.3761612382 2.9595130536 1.0047883628 
11.3261386994 10.4601023501 3.6660300697 1.1606148795 
- 
8.9601328495 2.2198912800 2.5343632097 0.2760181409 
13.6332021489 21.4524950983 5.2209943100 2.3165042087 
13.7603282140 14.3552452365 3.6446640350 1.5631573756 
8.9601328495 2.2198912800 3.3722011663 0.2917658737 
8.9598579847 3.8416171137 3.4228084255 0.8152853073 
10.7344043533 7.4361186722 3.5495075454 0.9317279458 
10.8201719910 8.4084574216 3.5552963580 1.0550485363 
9.2687456864 5.3761612382 3.8782315526 0.9975206122 
11.3261386994 10.4601023501 3.6660300697 1.1606148795 
11.8596143652 10.8654029573 3.5334947542 1.1607945946 
10.7344043533 5.3761612382 2.9595130536 1.0047883628 
13.1233290507 14.3552452365 3.9124331492 1.5631573756 
9.7335439053 7.0116245906 3.5535091593 0.8921085752 
13.0279768290 10.8654029573 3.5334947542 1.2897047354 
13.8604655063 12.2955034364 3.8372859734 1.5743814714 
9.1885576155 4.0114290976 3.5855505331 0.7906554363 
11.0332537131 9.3826517617 3.5329037948 1.2548775053 
9.0298600541 4.9682016476 3.8554616480 0.8394298420 
11.0332537131 9.3826517617 3.5329037948 1.2548775053 
13.2586266251 12.2955034364 4.1419006549 1.5651925513 
- 
8.9601328495 2.2198912800 2.5343632097 0.2760181409 
13.6332021489 21.4524950983 5.2209943100 2.3165042087 
13.7603282140 14.3552452365 3.6446640350 1.5631573756 
8.9601328495 2.2198912800 3.3722011663 0.2917658737 
8.9598579847 3.8416171137 3.4228084255 0.8152853073 
10.8201719910 8.4084574216 3.5552963580 1.0550485363 
9.2687456864 5.3761612382 3.8782315526 0.9975206122 
10.7344043533 5.3761612382 2.9595130536 1.0047883628 
13.1233290507 14.3552452365 3.9124331492 1.5631573756 
13.0279768290 10.8654029573 3.5334947542 1.2897047354 
13.2586266251 12.2955034364 4.1419006549 1.5651925513 
10.7344043533 7.4361186722 3.5495075454 0.9317279458 
9.7335439053 7.0116245906 3.5535091593 0.8921085752 
13.1153376134 8.1550218090 3.3368696140 1.0047883628 
10.1248635953 7.4361186722 3.5495075454 0.9317279458 
13.5773411309 10.0958006123 3.6441717591 1.0612270692 
12.3878254200 9.3826517617 3.5329037948 1.2548775053 
11.8596143652 10.8654029573 3.5334947542 1.1607945946 
13.8604655063 12.2955034364 3.8372859734 1.5743814714 
11.8611299838 10.4601023501 3.5397628805 1.1606611088 
- 
8.9601328495 2.2198912800 2.5343632097 0.2760181409 
13.7530431723 21.4524950983 5.2209943100 2.3165042087 
13.7603282140 14.3552452365 3.6446640350 1.5631573756 
8.9598579847 3.8416171137 3.4228084255 0.8152853073 
9.2687456864 5.3761612382 3.8782315526 0.9975206122 
10.8201719910 8.4084574216 3.5552963580 1.0550485363 
8.9601328495 2.2198912800 3.3722011663 0.2917658737 
13.1153376134 8.1550218090 3.3368696140 1.0047883628 
10.7344043533 5.3761612382 2.9595130536 1.0047883628 
13.1233290507 14.3552452365 3.9124331492 1.5631573756 
13.7603282140 11.1953641361 3.4898000299 1.5631573756 
13.0279768290 10.8654029573 3.5334947542 1.2897047354 
10.7344043533 7.4361186722 3.5495075454 0.9317279458 
9.7335439053 7.0116245906 3.5535091593 0.8921085752 
13.5773411309 10.0958006123 3.6441717591 1.0612270692 
13.8604655063 12.2955034364 3.8372859734 1.5743814714 
10.1248635953 7.4361186722 3.5495075454 0.9317279458 
13.8604655063 12.2955034364 3.8372859734 1.5743814714 
11.8596143652 10.8654029573 3.5334947542 1.1607945946 
8.9688197438 2.2198912800 2.5343632097 0.2760181409 
- 
8.9601328495 2.2198912800 2.5343632097 0.2760181409 
13.7530431723 21.4524950983 5.2209943100 2.3165042087 
13.7603282140 14.3552452365 3.6446640350 1.5631573756 
8.9598579847 3.8416171137 3.4228084255 0.8152853073 
9.2687456864 5.3761612382 3.8782315526 0.9975206122 
13.1153376134 8.1550218090 3.3368696140 1.0047883628 
8.9601328495 2.2198912800 3.3722011663 0.2917658737 
11.8596143652 10.8654029573 3.5334947542 1.1607945946 
13.1153376134 6.8499344855 3.3368696140 1.0047883628 
10.8201719910 8.4084574216 3.5552963580 1.0550485363 
10.7344043533 7.4361186722 3.5495075454 0.9317279458 
12.8337042393 11.0187814154 3.5008776334 1.2897047354 
10.1248635953 5.2877749529 3.5495075454 0.6670008885 
9.7335439053 7.0116245906 3.5535091593 0.8921085752 
13.1233290507 14.3552452365 3.9124331492 1.5631573756 
10.7344043533 5.3761612382 2.9595130536 1.0047883628 
13.1233290507 14.3552452365 3.9124331492 1.5631573756 
13.9597676656 11.0420100895 3.5224268131 1.5631573756 
13.8604655063 12.2955034364 3.8372859734 1.5743814714 
13.8604655063 12.2955034364 3.8372859734 1.5743814714 
- 
8.9601328495 2.2198912800 2.5343632097 0.2760181409 
13.7530431723 21.4524950983 5.2209943100 2.3165042087 
13.7603282140 14.3552452365 3.6446640350 1.5631573756 
8.9598579847 3.8416171137 3.4228084255 0.8152853073 
9.2687456864 5.3761612382 3.8782315526 0.9975206122 
8.9601328495 2.2198912800 3.3722011663 0.2917658737 
13.1153376134 8.1550218090 3.3368696140 1.0047883628 
11.8596143652 10.8654029573 3.5334947542 1.1607945946 
12.8337042393 11.0187814154 3.5008776334 1.2897047354 
13.9597676656 11.0420100895 3.5224268131 1.5631573756 
10.7344043533 5.3761612382 2.9595130536 1.0047883628 
13.1153376134 6.8499344855 3.3368696140 1.0047883628 
10.1248635953 5.2877749529 3.5495075454 0.6670008885 
10.7344043533 7.4361186722 3.5495075454 0.9317279458 
10.8201719910 8.4084574216 3.5552963580 1.0550485363 
13.1153376134 7.4973423980 3.5988954872 0.9979409329 
11.6233947607 5.3761612382 2.9595130536 1.5224996984 
10.8201719910 7.7642468476 3.2951724572 1.0621557017 
13.1233290507 14.3552452365 3.9124331492 1.5631573756 
9.7335439053 7.0116245906 3.5535091593 0.8921085752 
- 
13.7530431723 21.4524950983 5.2209943100 2.3165042087 
8.5159538224 2.2198912800 2.5343632097 0.2760181409 
13.7603282140 14.3552452365 3.6446640350 1.5452743630 
8.9598579847 3.8416171137 3.4228084255 0.8152853073 
9.3456355537 5.2877749529 3.5495075454 0.8395317953 
13.1233290507 14.3552452365 3.9124331492 1.5631573756 
8.9601328495 2.2198912800 3.3722011663 0.2917658737 
13.9597676656 11.0420100895 3.5224268131 1.5631573756 
13.1153376134 9.2260344074 3.5988954872 0.9979409329 
10.1248635953 5.2877749529 3.5495075454 0.6670008885 
13.1153376134 6.8499344855 3.3368696140 1.0047883628 
12.8337042393 11.0187814154 3.5008776334 1.2897047354 
13.1153376134 7.4973423980 3.5988954872 0.9979409329 
8.9601328495 2.2198912800 2.5343632097 0.2760181409 
13.9597676656 11.0420100895 3.5224268131 1.5631573756 
10.7344043533 5.3761612382 2.9595130536 1.0047883628 
10.8201719910 8.4084574216 3.5552963580 1.0550485363 
11.8596143652 10.8654029573 3.5334947542 1.1607945946 
10.8201719910 6.7608172374 3.5552963580 1.0550485363 
10.7344043533 7.4361186722 3.5495075454 0.9317279458 
- 
