    ITER   EVALS
       0       0
       1    1800
       2    3420
       3    5040
       4    6660
       5    8280
       6    9900
       7   11430
       8   13140
       9   14580
      10   16020
      11   17820
      12   19620
      13   21240
      14   22860
      15   24480
      16   26100
      17   27900
      18   29430
      19   30870
      20   32670
      21   34110
      22   35910
      23   37350
      24   39150
      25   40950
      26   42210
      27   43830
      28   45090
      29   46890
      30   48150
      31   49590
      32   51210
      33   52650
      34   54270
      35   56070
      36   57780
      37   59580
      38   61380
      39   62640
      40   64080
      41   65340
      42   66960
      43   68760
      44   70200
      45   71460
      46   73260
      47   75060
      48   76680
      49   78120
      50   79920
      51   81720
      52   83070
      53   84870
      54   86400
      55   88200
      56   89910
      57   91530
      58   93150
      59   94950
      60   96570
      61   98280
      62  100080
      63  101880
      64  103500
      65  105030
      66  106830
      67  108450
      68  110250
      69  111690
