11.8365661948 114.1020774963 
13.5560237956 116.7827566673 
104.1372365323 4.5420185280 
8.4450466094 63.4647397154 
10.6222813961 116.2616257682 
13.5765450041 33.2423138933 
11.5132557185 117.6110714548 
7.9230784890 84.8190927736 
19.0983790389 75.4894015266 
9.1525289988 110.7831736532 
14.2563531019 118.9004690931 
17.7488126743 44.3091468462 
9.8142010566 95.0766307366 
14.5952242742 23.3086360672 
8.7406069046 81.8937434796 
10.6825508357 98.9824837663 
10.2368254309 115.0196125654 
8.5330610355 98.1378094966 
12.8199673054 118.5393252472 
21.2498235667 80.4156147963 
- 
10.6222813961 116.2616257682 
11.5132557185 117.6110714548 
11.5132557185 117.6110714548 
7.9230784890 84.8190927736 
7.9230784890 84.8190927736 
9.1525289988 110.7831736532 
14.2563531019 118.9004690931 
10.2368254309 115.0196125654 
10.2368254309 115.0196125654 
8.5330610355 98.1378094966 
8.5330610355 98.1378094966 
12.8199673054 118.5393252472 
10.6380816011 116.3693083777 
9.5148657778 112.9839584868 
14.7162807458 119.5367411256 
8.1618491880 59.9234640666 
13.5560237956 116.7827566673 
9.4879757412 104.9379954598 
11.8140042359 114.3742783886 
8.7406069046 81.8937434796 
- 
10.6222813961 116.2616257682 
9.1525289988 110.7831736532 
12.8199673054 118.5393252472 
12.8199673054 118.5393252472 
10.6380816011 116.3693083777 
9.5148657778 112.9839584868 
14.7162807458 119.5367411256 
14.7162807458 119.5367411256 
11.4377978014 117.6110714548 
8.5233664680 102.9637715768 
8.3185343559 97.4815577634 
10.2806047419 116.0504105192 
13.6581876689 118.9251348282 
9.9235218318 113.9896977599 
10.2008322209 115.8294600746 
7.8706305407 89.2909302292 
14.2563531019 118.9004690931 
7.9230784890 84.8190927736 
9.4879757412 104.9379954598 
8.5330610355 98.1378094966 
- 
14.7162807458 119.5367411256 
7.8706305407 89.2909302292 
9.1011325587 110.7831736532 
8.2945178529 97.4815577634 
8.5233664680 102.9637715768 
13.6581876689 118.9251348282 
12.8199673054 118.5393252472 
11.4377978014 117.6110714548 
9.5148657778 112.9839584868 
8.4026057088 98.1378094966 
8.5233664680 102.9637715768 
14.7162807458 119.5367411256 
10.6380816011 116.3693083777 
11.4377978014 117.6110714548 
13.1375820346 118.7499637162 
9.9235218318 113.9896977599 
9.9792045061 114.2522289384 
10.1389681426 115.6544171677 
10.2806047419 116.0504105192 
10.6222813961 116.2616257682 
- 
14.7162807458 119.5367411256 
7.8706305407 89.2909302292 
8.2789948056 97.4815577634 
8.9573824409 107.5477079331 
7.8706305407 89.2909302292 
9.1011325587 110.7831736532 
12.8199673054 118.5393252472 
11.4377978014 117.6110714548 
8.5233664680 102.9637715768 
10.6380816011 116.3693083777 
9.8555725498 114.5533036916 
8.5233664680 102.9637715768 
8.4026057088 98.1378094966 
13.7792029816 119.0220606674 
11.4377978014 117.6110714548 
14.7162807458 119.5367411256 
9.5148657778 112.9839584868 
13.1375820346 118.7499637162 
10.1389681426 115.6544171677 
13.6431338637 118.9251348282 
- 
7.8706305407 89.2909302292 
14.7259955495 119.5444757574 
8.1489662599 98.9736553749 
7.8706305407 89.2909302292 
12.6366407376 118.4038542752 
11.4377978014 117.6110714548 
9.1011325587 110.7831736532 
8.5233664680 102.9637715768 
8.9573824409 107.5477079331 
13.7792029816 119.0220606674 
8.5868248433 105.5761977214 
9.8555725498 114.5533036916 
14.7162807458 119.5367411256 
10.9505870214 117.1244317516 
13.1375820346 118.7499637162 
9.4987445138 110.9537602316 
8.8067453487 106.7581954325 
13.6401032048 119.0190726818 
9.6122820074 113.2171823113 
10.1810331227 115.6610798738 
- 
7.8706305407 89.2909302292 
14.7259955495 119.5444757574 
7.8706305407 89.2909302292 
8.1489662599 98.9736553749 
8.1489662599 98.9736553749 
8.5233664680 102.9637715768 
10.1810331227 115.6610798738 
8.9573824409 107.5477079331 
13.7792029816 119.0220606674 
11.4377978014 117.6110714548 
8.5868248433 105.5761977214 
10.9505870214 117.1244317516 
9.2044050308 111.4229742160 
14.7162807458 119.5367411256 
9.6122820074 113.2171823113 
9.1011325587 110.7831736532 
8.8067453487 106.7581954325 
12.0608055663 118.0764432812 
11.9278556504 117.9904941111 
13.6401032048 119.0190726818 
- 
7.8706305407 89.2909302292 
14.7259955495 119.5444757574 
7.9748856179 93.2025169087 
12.0608055663 118.0764432812 
8.5233664680 102.9637715768 
13.6401032048 119.0190726818 
10.9505870214 117.1244317516 
8.1291930053 98.4091077853 
9.6122820074 113.2171823113 
8.1489662599 98.9736553749 
8.8986251216 108.9259579411 
8.5868248433 105.5761977214 
9.8524094738 114.4146995146 
10.1810331227 115.6610798738 
8.8067453487 106.7581954325 
14.7162807458 119.5367411256 
9.2044050308 111.4229742160 
13.7792029816 119.0220606674 
7.8809875839 90.1015995472 
9.1011325587 110.7831736532 
- 
7.8706305407 89.2909302292 
14.7259955495 119.5444757574 
12.0608055663 118.0764432812 
7.9748856179 93.2025169087 
8.5233664680 102.9637715768 
13.6401032048 119.0190726818 
10.9505870214 117.1244317516 
8.1291930053 98.4091077853 
8.1489662599 98.9736553749 
8.8927786535 108.9259579411 
13.7792029816 119.0220606674 
8.5868248433 105.5761977214 
9.8434033013 114.4146995146 
14.7162807458 119.5367411256 
8.8067453487 106.7581954325 
10.1810331227 115.6610798738 
10.5143723814 115.9370637299 
9.6122820074 113.2171823113 
9.5414034496 111.9977746663 
7.8809875839 90.1015995472 
- 
7.8706305407 89.2909302292 
14.7259955495 119.5444757574 
10.9505870214 117.1244317516 
13.6401032048 119.0190726818 
12.0608055663 118.0764432812 
8.5233664680 102.9637715768 
8.8927786535 108.9259579411 
9.3452400138 111.6743039133 
8.1291930053 98.4091077853 
7.9748856179 93.2025169087 
12.0608055663 118.0764432812 
8.3097257466 99.0350228856 
9.8434033013 114.4146995146 
8.8067453487 106.7581954325 
14.6107480455 119.4864911929 
10.1810331227 115.6610798738 
7.8809875839 90.1015995472 
13.7792029816 119.0220606674 
7.9748856179 93.2025169087 
10.5143723814 115.9370637299 
- 
7.8706305407 89.2909302292 
14.7259955495 119.5444757574 
8.5233664680 102.9637715768 
8.3097257466 99.0350228856 
9.2350763232 111.6743039133 
12.6969308742 118.4886741644 
11.1245106483 117.3519424395 
9.8434033013 114.4146995146 
9.5144914857 113.1254867676 
13.6401032048 119.0190726818 
8.1118188192 97.8591284100 
7.9993806154 93.7126880267 
8.8067453487 106.7581954325 
8.7739727100 104.2139064316 
12.0608055663 118.0764432812 
10.5143723814 115.9370637299 
13.7792029816 119.0220606674 
14.6107480455 119.4864911929 
10.1810331227 115.6610798738 
7.8809875839 90.1015995472 
- 
7.8706305407 89.2909302292 
14.7259955495 119.5444757574 
8.5233664680 102.9637715768 
8.3097257466 99.0350228856 
9.2350763232 111.6743039133 
8.8067453487 106.7581954325 
14.6107480455 119.4864911929 
7.8809875839 90.1015995472 
11.3292234696 117.4968074694 
13.6647443405 119.0220606674 
12.6969308742 118.4886741644 
13.6401032048 119.0190726818 
8.1118188192 97.8591284100 
7.9993806154 93.7126880267 
10.1810331227 115.6610798738 
7.9993806154 93.7126880267 
11.1245106483 117.3519424395 
10.5143723814 115.9370637299 
12.0608055663 118.0764432812 
12.6969308742 118.4886741644 
- 
7.8706305407 89.2909302292 
14.7259955495 119.5444757574 
8.5233664680 102.9637715768 
10.1810331227 115.6610798738 
7.9847276214 93.7126880267 
9.2528933186 111.8075260647 
8.8067453487 106.7581954325 
9.2350763232 111.6743039133 
8.3097257466 99.0350228856 
10.3493735077 116.0452857654 
11.1245106483 117.3519424395 
14.6107480455 119.4864911929 
8.7938086129 106.5723171890 
7.8809875839 90.1015995472 
8.1118188192 97.8591284100 
13.6647443405 119.0220606674 
12.6969308742 118.4886741644 
13.6401032048 119.0190726818 
11.4712349494 117.5444482215 
12.4992275463 118.2976449693 
- 
14.7259955495 119.5444757574 
7.8688275005 89.9900094816 
10.1810331227 115.6610798738 
9.2528933186 111.8075260647 
11.4712349494 117.5444482215 
8.1118188192 97.8591284100 
12.4946866877 118.2976449693 
8.3097257466 99.0350228856 
12.6871709182 118.4886741644 
8.5233664680 102.9637715768 
10.3493735077 116.0452857654 
8.7938086129 106.5723171890 
8.4096434563 102.7301883024 
13.6401032048 119.0190726818 
7.9847276214 93.7126880267 
13.6647443405 119.0220606674 
11.1245106483 117.3519424395 
14.6107480455 119.4864911929 
8.9527635336 108.7935148417 
7.8809875839 90.1015995472 
- 
14.7259955495 119.5444757574 
7.8608299479 88.3992846663 
7.9847276214 93.7126880267 
9.7130502216 113.2354795915 
8.7938086129 106.5723171890 
8.3065422561 101.4860468646 
12.6871709182 118.4886741644 
10.1583828091 115.7512381655 
8.5233664680 102.9637715768 
8.1118188192 97.8591284100 
13.6401032048 119.0190726818 
14.2760299525 119.3456574242 
8.0843976014 97.4622519010 
9.0625718855 109.8735491055 
9.2528933186 111.8075260647 
7.8809875839 90.1015995472 
11.1245106483 117.3519424395 
12.0934566667 117.9946344162 
9.5692608707 111.8994095908 
11.5016753854 117.5708079031 
- 
14.7259955495 119.5444757574 
7.8608299479 88.3992846663 
10.1583828091 115.7512381655 
7.9847276214 93.7126880267 
8.5233664680 102.9637715768 
9.7130502216 113.2354795915 
9.0625718855 109.8735491055 
11.1245106483 117.3519424395 
7.8809875839 90.1015995472 
12.6871709182 118.4886741644 
11.5016753854 117.5708079031 
8.1100592620 97.8839638083 
13.6401032048 119.0190726818 
8.7841391401 106.4373059197 
8.0843976014 97.4622519010 
8.3065422561 101.4860468646 
9.0220321528 106.6876003045 
9.2528933186 111.8075260647 
9.5692608707 111.8994095908 
13.6401032048 119.0190726818 
- 
14.7259955495 119.5444757574 
7.8608299479 88.3992846663 
10.1583828091 115.7512381655 
8.7716782406 106.9818528192 
7.9847276214 93.7126880267 
11.5016753854 117.5708079031 
8.3065422561 101.4860468646 
12.6871709182 118.4886741644 
11.1245106483 117.3519424395 
13.6401032048 119.0190726818 
8.5233664680 102.9637715768 
8.1100592620 97.8839638083 
12.6871709182 118.4886741644 
13.6401032048 119.0190726818 
8.0843976014 97.4622519010 
9.7130502216 113.2354795915 
9.0625718855 109.8735491055 
7.8809875839 90.1015995472 
9.4554020082 111.8994095908 
9.1292759289 110.8642656648 
- 
14.7259955495 119.5444757574 
7.8608299479 88.3992846663 
7.9847276214 93.7126880267 
11.5016753854 117.5708079031 
8.5233664680 102.9637715768 
9.7130502216 113.2354795915 
8.7716782406 106.9818528192 
8.3065422561 101.4860468646 
10.1583828091 115.7512381655 
12.6871709182 118.4886741644 
13.6401032048 119.0190726818 
9.3452861207 111.8994095908 
10.4753481734 116.2661355313 
8.0843976014 97.4622519010 
8.1325542470 97.9836211152 
9.0212644691 107.8855669269 
7.8809875839 90.1015995472 
10.9483276823 117.1357869435 
9.1292759289 110.8642656648 
13.0463707146 118.6919629572 
- 
14.7259955495 119.5444757574 
7.8608299479 88.3992846663 
13.6401032048 119.0190726818 
7.9847276214 93.7126880267 
8.5233664680 102.9637715768 
8.7716782406 106.9818528192 
9.7130502216 113.2354795915 
12.0120074953 117.9681634346 
10.9483276823 117.1357869435 
7.8809875839 90.1015995472 
11.5016753854 117.5708079031 
9.0212644691 107.8855669269 
9.1292759289 110.8642656648 
12.6871709182 118.4886741644 
9.3452861207 111.8994095908 
10.4753481734 116.2661355313 
8.0843976014 97.4622519010 
13.0463707146 118.6919629572 
10.1290699460 115.3772756214 
8.2774044911 100.6387652572 
- 
14.7259955495 119.5444757574 
7.8608299479 88.3992846663 
8.2774044911 100.6387652572 
8.4798907895 104.4651793274 
7.9784856395 93.7126880267 
13.6401032048 119.0190726818 
9.7130502216 113.2354795915 
12.0120074953 117.9681634346 
8.7716782406 106.9818528192 
7.8809875839 90.1015995472 
10.1290699460 115.3772756214 
14.5273858304 119.4500564241 
10.9483276823 117.1357869435 
8.0843976014 97.4622519010 
8.0843976014 97.4622519010 
12.6871709182 118.4886741644 
9.0212644691 107.8855669269 
9.1292759289 110.8642656648 
13.0463707146 118.6919629572 
10.4753481734 116.2661355313 
- 
14.7259955495 119.5444757574 
7.8608299479 88.3992846663 
9.7130502216 113.2354795915 
9.1292759289 110.8642656648 
13.6401032048 119.0190726818 
10.1238645291 115.3772756214 
8.7716782406 106.9818528192 
7.8809875839 90.1015995472 
9.0212644691 107.8855669269 
10.4753481734 116.2661355313 
12.6871709182 118.4886741644 
13.0463707146 118.6919629572 
12.0080418837 117.9681634346 
8.2774044911 100.6387652572 
8.4798907895 104.4651793274 
14.5273858304 119.4500564241 
11.7057343769 117.8263680901 
7.9784856395 93.7126880267 
8.0843976014 97.4622519010 
10.9483276823 117.1357869435 
- 
14.7259955495 119.5444757574 
7.8608299479 88.3992846663 
9.5574360495 113.4650226189 
8.2774044911 100.6387652572 
7.9784856395 93.7126880267 
8.0843976014 97.4622519010 
9.1292759289 110.8642656648 
10.9483276823 117.1357869435 
7.8809875839 90.1015995472 
8.7716782406 106.9818528192 
11.7057343769 117.8263680901 
14.5273858304 119.4500564241 
12.6871709182 118.4886741644 
12.0080418837 117.9681634346 
13.0463571135 118.6919629572 
8.4798907895 104.4651793274 
10.1238645291 115.3772756214 
13.6401032048 119.0190726818 
8.4828483376 104.5129857160 
9.0212644691 107.8855669269 
- 
14.7259955495 119.5444757574 
7.8608299479 88.3992846663 
10.1238645291 115.3772756214 
8.2774044911 100.6387652572 
7.9784856395 93.7126880267 
8.0843976014 97.4622519010 
13.6397759858 119.0190726818 
10.9483276823 117.1357869435 
9.1292759289 110.8642656648 
12.6871709182 118.4886741644 
8.9645266574 109.8720480411 
11.9705472251 117.9681634346 
9.5574360495 113.4650226189 
8.4798907895 104.4651793274 
14.5273858304 119.4500564241 
9.6173599678 113.6104848567 
11.1285800353 117.3037228911 
7.8809875839 90.1015995472 
8.7716782406 106.9818528192 
8.4828483376 104.5129857160 
- 
14.7259955495 119.5444757574 
7.8608299479 88.3992846663 
8.2774044911 100.6387652572 
11.9580727704 117.9681634346 
10.1238645291 115.3772756214 
10.9483276823 117.1357869435 
13.6397759858 119.0190726818 
8.9645266574 109.8720480411 
14.5273858304 119.4500564241 
9.5574360495 113.4650226189 
7.9784856395 93.7126880267 
8.0843976014 97.4622519010 
13.4041118014 118.8971899413 
8.4798907895 104.4651793274 
9.1292759289 110.8642656648 
11.1285800353 117.3037228911 
10.0694575129 114.2784654616 
7.8809875839 90.1015995472 
12.6871709182 118.4886741644 
8.7716782406 106.9818528192 
- 
14.7259955495 119.5444757574 
7.8608299479 88.3992846663 
8.2774044911 100.6387652572 
8.4798907895 104.4651793274 
8.0819262038 97.4622519010 
11.9580727704 117.9681634346 
7.9784856395 93.7126880267 
8.7716782406 106.9818528192 
12.6871709182 118.4886741644 
13.6397759858 119.0190726818 
8.9645266574 109.8720480411 
10.7094770677 116.6895732001 
11.1285800353 117.3037228911 
14.5273858304 119.4500564241 
9.1292759289 110.8642656648 
13.4041118014 118.8971899413 
9.4548136337 112.7042996527 
9.5574360495 113.4650226189 
7.8853756505 90.4202441524 
10.1238645291 115.3772756214 
- 
14.7259955495 119.5444757574 
7.8608299479 88.3992846663 
7.9784856395 93.7126880267 
8.7716782406 106.9818528192 
10.7094770677 116.6895732001 
8.9645266574 109.8720480411 
13.4041118014 118.8971899413 
8.2774044911 100.6387652572 
8.4798907895 104.4651793274 
9.5574360495 113.4650226189 
10.1238645291 115.3772756214 
14.4992245315 119.4401854918 
11.9580727704 117.9681634346 
11.1285800353 117.3037228911 
13.6397759858 119.0190726818 
8.0819262038 97.4622519010 
8.2774044911 100.6387652572 
8.0819262038 97.4622519010 
9.1235523923 110.8642656648 
10.2323248232 115.5398714095 
- 
14.7259955495 119.5444757574 
7.8608299479 88.3992846663 
8.4798907895 104.4651793274 
11.9580727704 117.9681634346 
7.9784856395 93.7126880267 
13.4041118014 118.8971899413 
9.5574360495 113.4650226189 
11.1285800353 117.3037228911 
8.7716782406 106.9818528192 
7.9242921852 90.6428050912 
10.7094770677 116.6895732001 
13.6397759858 119.0190726818 
8.2774044911 100.6387652572 
9.1235523923 110.8642656648 
9.9029524426 114.5349826493 
11.8939043133 117.9680132149 
14.4992245315 119.4401854918 
8.0819262038 97.4622519010 
8.2489543649 99.3559284351 
8.9066382129 108.8152070732 
- 
14.7259955495 119.5444757574 
7.8608299479 88.3992846663 
8.4798907895 104.4651793274 
9.8985733442 114.5349826493 
13.3148057999 118.8201130669 
11.8981393822 117.9681634346 
8.0819262038 97.4622519010 
10.7094770677 116.6895732001 
13.6397759858 119.0190726818 
14.4992245315 119.4401854918 
8.2774044911 100.6387652572 
9.5574360495 113.4650226189 
9.1235523923 110.8642656648 
7.9784856395 93.7126880267 
11.2691779321 117.4207380807 
8.2155749268 99.3559284351 
8.9066382129 108.8152070732 
8.7716782406 106.9818528192 
11.8939043133 117.9680132149 
7.9784856395 93.7126880267 
- 
14.7259955495 119.5444757574 
7.8608299479 88.3992846663 
10.7094770677 116.6895732001 
13.3148057999 118.8201130669 
11.8981393822 117.9681634346 
8.0819262038 97.4622519010 
11.2691779321 117.4207380807 
7.8608299479 88.3992846663 
7.9784856395 93.7126880267 
9.8985733442 114.5349826493 
8.4798907895 104.4651793274 
8.2774044911 100.6387652572 
9.1312914140 111.0654504598 
9.5574360495 113.4650226189 
13.6397759858 119.0190726818 
14.4992245315 119.4401854918 
7.9784856395 93.7126880267 
8.2155749268 99.3559284351 
8.4798907895 104.4651793274 
8.7716782406 106.9818528192 
- 
7.8608299479 88.3992846663 
14.7494239954 119.5520381279 
7.9704839200 93.9365491809 
8.4702701948 104.4651793274 
9.1312914140 111.0654504598 
12.6311230922 118.4541563385 
11.8981393822 117.9681634346 
11.2691779321 117.4207380807 
8.0819262038 97.4622519010 
8.2774044911 100.6387652572 
7.8608299479 88.3992846663 
13.6397759858 119.0190726818 
10.7094770677 116.6895732001 
9.8985733442 114.5349826493 
8.7758560079 107.7303310456 
14.4992245315 119.4401854918 
8.7716782406 106.9818528192 
9.4605301046 113.1463103334 
8.2155749268 99.3559284351 
13.3148057999 118.8201130669 
- 
7.8608299479 88.3992846663 
14.7494239954 119.5520381279 
7.9704839200 93.9365491809 
8.4702701948 104.4651793274 
9.4605301046 113.1463103334 
8.0819262038 97.4622519010 
8.2774044911 100.6387652572 
7.8608299479 88.3992846663 
13.6397759858 119.0190726818 
10.7094770677 116.6895732001 
9.8985733442 114.5349826493 
14.4992245315 119.4401854918 
8.9397811187 109.2317867263 
8.7716782406 106.9818528192 
8.2155749268 99.3559284351 
12.6311230922 118.4541563385 
11.8981393822 117.9681634346 
9.1312914140 111.0654504598 
13.2293561004 118.6725166792 
11.8981393822 117.9681634346 
- 
7.8608299479 88.3992846663 
14.7494239954 119.5520381279 
9.8985733442 114.5349826493 
8.7716782406 106.9818528192 
8.0819262038 97.4622519010 
9.4605301046 113.1463103334 
7.9554236024 92.3190158035 
10.7094770677 116.6895732001 
8.9397811187 109.2317867263 
14.4992245315 119.4401854918 
11.2221270339 117.4196563516 
8.4702701948 104.4651793274 
8.2774044911 100.6387652572 
13.0376827543 118.6918733163 
7.8608299479 88.3992846663 
13.6397759858 119.0190726818 
8.2155749268 99.3559284351 
7.9704839200 93.9365491809 
8.4928764839 104.6763090779 
12.3866130470 118.2627223333 
- 
7.8608299479 88.3992846663 
14.7494239954 119.5520381279 
9.4605301046 113.1463103334 
8.9397811187 109.2317867263 
11.2221270339 117.4196563516 
8.0819262038 97.4622519010 
12.0669601930 117.5393395197 
7.9554236024 92.3190158035 
7.9704839200 93.9365491809 
10.5383316450 116.3293617942 
14.4992245315 119.4401854918 
12.3866130470 118.2627223333 
8.4702701948 104.4651793274 
8.2774044911 100.6387652572 
9.9173953304 114.6579822137 
7.8608299479 88.3992846663 
13.6397759858 119.0190726818 
8.7716782406 106.9818528192 
10.7094770677 116.6895732001 
8.2155749268 99.3559284351 
- 
7.8608299479 88.3992846663 
14.8067172629 119.5592104117 
9.4603862489 113.1463103334 
8.9397811187 109.2317867263 
8.4684153256 104.4651793274 
12.3866130470 118.2627223333 
13.6397759858 119.0190726818 
8.2774044911 100.6387652572 
10.5383316450 116.3293617942 
9.9173953304 114.6579822137 
7.8608299479 88.3992846663 
7.9554236024 92.3190158035 
14.4992245315 119.4401854918 
13.6397759858 119.0190726818 
8.0819262038 97.4622519010 
7.9704839200 93.9365491809 
11.2221270339 117.4196563516 
12.0669601930 117.5393395197 
8.7716782406 106.9818528192 
9.9173953304 114.6579822137 
- 
7.8608299479 88.3992846663 
14.8067172629 119.5592104117 
13.6395866264 119.0190726818 
9.4603862489 113.1463103334 
12.3866130470 118.2627223333 
8.9397811187 109.2317867263 
8.2774044911 100.6387652572 
8.4684153256 104.4651793274 
7.9554236024 92.3190158035 
11.2221270339 117.4196563516 
11.7462361258 117.8467636463 
10.5383316450 116.3293617942 
9.9173953304 114.6579822137 
7.8608299479 88.3992846663 
14.4992245315 119.4401854918 
10.5383316450 116.3293617942 
8.0819262038 97.4622519010 
8.0819262038 97.4622519010 
7.9704839200 93.9365491809 
8.7716782406 106.9818528192 
- 
7.8608299479 88.3992846663 
14.8067172629 119.5592104117 
8.9397811187 109.2317867263 
8.4684118778 104.4651793274 
9.9173953304 114.6579822137 
12.3866130470 118.2627223333 
11.2221270339 117.4196563516 
8.7716782406 106.9818528192 
13.6395866264 119.0190726818 
9.4603862489 113.1463103334 
7.9554236024 92.3190158035 
7.9704839200 93.9365491809 
8.2774044911 100.6387652572 
10.5383316450 116.3293617942 
7.8608299479 88.3992846663 
14.4918502963 119.4365563155 
13.6395866264 119.0190726818 
10.5383316450 116.3293617942 
8.2592656238 99.8920367712 
8.0819262038 97.4622519010 
- 
7.8608299479 88.3992846663 
14.8067172629 119.5592104117 
12.3866130470 118.2627223333 
9.4603862489 113.1463103334 
9.9173953304 114.6579822137 
13.1937881859 118.7348812617 
8.9397811187 109.2317867263 
11.2221270339 117.4196563516 
8.4684118778 104.4651793274 
8.2774044911 100.6387652572 
10.5383316450 116.3293617942 
14.4918502963 119.4365563155 
7.8608299479 88.3992846663 
7.9554236024 92.3190158035 
13.6395866264 119.0190726818 
11.2221270339 117.4196563516 
10.5383316450 116.3293617942 
7.9704839200 93.9365491809 
8.0819262038 97.4622519010 
8.4684118778 104.4651793274 
- 
7.8608299479 88.3992846663 
14.8067172629 119.5592104117 
8.9397811187 109.2317867263 
8.2774044911 100.6387652572 
8.8223785170 106.2240832214 
9.4603862489 113.1463103334 
8.0819262038 97.4622519010 
14.4918502963 119.4365563155 
8.4684118778 104.4651793274 
10.1584748227 115.3795143130 
7.8608299479 88.3992846663 
7.9554236024 92.3190158035 
13.8515950489 119.1302608199 
11.2221270339 117.4196563516 
10.5383316450 116.3293617942 
8.1812083941 98.3969156358 
7.9704839200 93.9365491809 
11.7482119917 117.8462300464 
9.8121073717 114.2945667021 
8.4714514637 104.5142571133 
- 
7.8608299479 88.3992846663 
14.8067172629 119.5592104117 
12.8446569309 118.4774185645 
8.9397811187 109.2317867263 
11.7482119917 117.8462300464 
10.5383316450 116.3293617942 
9.4603862489 113.1463103334 
7.9554236024 92.3190158035 
7.9704839200 93.9365491809 
8.0819262038 97.4622519010 
9.8121073717 114.2945667021 
10.1584748227 115.3795143130 
13.8515950489 119.1302608199 
14.4918502963 119.4365563155 
8.3837683182 100.9812552157 
7.8608299479 88.3992846663 
11.2221270339 117.4196563516 
8.1812083941 98.3969156358 
8.4684118778 104.4651793274 
8.8223785170 106.2240832214 
- 
14.8067172629 119.5592104117 
7.8143802257 79.3126257676 
7.8608299479 88.3992846663 
8.3837683182 100.9812552157 
11.7482119917 117.8462300464 
12.8446569309 118.4774185645 
13.8500446287 119.1298472186 
12.8446569309 118.4774185645 
9.8121073717 114.2945667021 
10.1584748227 115.3795143130 
7.9554236024 92.3190158035 
9.3406626484 111.1473321535 
10.5383316450 116.3293617942 
9.4603862489 113.1463103334 
8.7567000350 107.0432847266 
8.4684118778 104.4651793274 
11.2221270339 117.4196563516 
8.1812083941 98.3969156358 
10.8817779903 117.0890884388 
7.8608299479 88.3992846663 
- 
14.8067172629 119.5592104117 
7.8143802257 79.3126257676 
13.8500446287 119.1298472186 
8.6793693864 107.0432847266 
7.9554236024 92.3190158035 
9.3406626484 111.1473321535 
7.8608299479 88.3992846663 
12.7300295097 118.5186328180 
8.4684118778 104.4651793274 
8.1237109324 98.3785962206 
8.3837683182 100.9812552157 
12.6099522401 118.4473513617 
10.4161743186 116.3293617942 
9.4603862489 113.1463103334 
10.8817779903 117.0890884388 
11.7735139618 117.8736770081 
7.8608299479 88.3992846663 
10.1584748227 115.3795143130 
9.8121073717 114.2945667021 
8.3399445632 98.4134099260 
- 
7.8143802257 79.3126257676 
14.9897168309 119.6644682282 
13.8500446287 119.1298472186 
8.6793693864 107.0432847266 
7.8608299479 88.3992846663 
9.3406626484 111.1473321535 
7.9554236024 92.3190158035 
8.1237109324 98.3785962206 
14.8067172629 119.5592104117 
12.7300295097 118.5186328180 
8.3837683182 100.9812552157 
12.6099522401 118.4473513617 
10.8817779903 117.0890884388 
11.7735139618 117.8736770081 
11.7735139618 117.8736770081 
7.9554236024 92.3190158035 
7.8608299479 88.3992846663 
8.4684118778 104.4651793274 
8.4684118778 104.4651793274 
10.4161743186 116.3293617942 
- 
7.8143802257 79.3126257676 
14.9897168309 119.6644682282 
9.3406626484 111.1473321535 
7.8345001627 84.7772442479 
8.6793693864 107.0432847266 
12.7300295097 118.5186328180 
10.1914646871 115.0946946874 
7.9991860338 95.1782087866 
13.8500446287 119.1298472186 
10.8817779903 117.0890884388 
8.3837683182 100.9812552157 
14.4481874267 119.4167519836 
11.7735139618 117.8736770081 
8.1237109324 98.3785962206 
9.6577918536 113.4858427601 
12.6099522401 118.4473513617 
11.8650451633 117.9394359382 
10.4078657436 116.3293617942 
7.8608299479 88.3992846663 
7.9554236024 92.3190158035 
- 
7.8143802257 79.3126257676 
14.9897168309 119.6644682282 
8.6793693864 107.0432847266 
13.8500446287 119.1298472186 
7.8345001627 84.7772442479 
9.3406626484 111.1473321535 
7.8608299479 88.3992846663 
8.1237109324 98.3785962206 
8.3837683182 100.9812552157 
12.7300295097 118.5186328180 
7.9554236024 92.3190158035 
10.1914646871 115.0946946874 
7.9991860338 95.1782087866 
11.5541583816 117.5173622658 
10.8817779903 117.0890884388 
12.0794052443 118.1026153209 
9.6577918536 113.4858427601 
10.4078657436 116.3293617942 
9.3623885765 111.5057763875 
8.3837683182 100.9812552157 
- 
7.8143802257 79.3126257676 
14.9897168309 119.6644682282 
13.8500446287 119.1298472186 
12.7300295097 118.5186328180 
8.6793693864 107.0432847266 
7.8345001627 84.7772442479 
9.6577918536 113.4858427601 
8.3837683182 100.9812552157 
7.9554236024 92.3190158035 
10.1914646871 115.0946946874 
14.9897168309 119.6644682282 
10.4078657436 116.3293617942 
7.8143802257 79.3126257676 
8.9656172106 109.5267290398 
7.8620518361 88.5188653268 
9.3406626484 111.1473321535 
11.5541583816 117.5173622658 
10.8817779903 117.0890884388 
9.3623885765 111.5057763875 
8.8834440356 108.5169119663 
- 
7.8143802257 79.3126257676 
14.9897168309 119.6644682282 
8.3699314705 100.9812552157 
12.7300295097 118.5186328180 
11.5541583816 117.5173622658 
7.9554236024 92.3190158035 
8.6793693864 107.0432847266 
7.8345001627 84.7772442479 
9.6577918536 113.4858427601 
7.8620518361 88.5188653268 
13.8500446287 119.1298472186 
14.9897168309 119.6644682282 
13.8440830716 119.1263086334 
7.8143802257 79.3126257676 
10.8817779903 117.0890884388 
8.9656172106 109.5267290398 
10.1914646871 115.0946946874 
7.9554236024 92.3190158035 
9.3406626484 111.1473321535 
9.3623885765 111.5057763875 
- 
7.8143802257 79.3126257676 
15.0647915921 119.6659040441 
8.3699314705 100.9812552157 
12.7300295097 118.5186328180 
8.6793693864 107.0432847266 
11.5541583816 117.5173622658 
7.9554236024 92.3190158035 
7.8345001627 84.7772442479 
7.8620518361 88.5188653268 
13.8440830716 119.1263086334 
14.4957090693 119.4388798122 
9.6577918536 113.4858427601 
10.7860094680 116.6372246519 
7.8143802257 79.3126257676 
10.1914646871 115.0946946874 
10.1914646871 115.0946946874 
7.9554236024 92.3190158035 
9.2904307813 111.1473321535 
10.8817779903 117.0890884388 
8.9656172106 109.5267290398 
- 
7.8143802257 79.3126257676 
15.0647915921 119.6659040441 
11.5541583816 117.5173622658 
8.3699314705 100.9812552157 
7.9554236024 92.3190158035 
13.8440830716 119.1263086334 
8.6793693864 107.0432847266 
7.8345001627 84.7772442479 
9.6577918536 113.4858427601 
9.2903305129 111.1473321535 
8.5903541848 101.5969061672 
12.7300295097 118.5186328180 
8.9656172106 109.5267290398 
12.7300295097 118.5186328180 
7.8620518361 88.5188653268 
10.7860094680 116.6372246519 
7.8143802257 79.3126257676 
10.8817779903 117.0890884388 
10.1914646871 115.0946946874 
10.1914646871 115.0946946874 
- 
7.8143802257 79.3126257676 
15.0647915921 119.6659040441 
7.9554236024 92.3190158035 
13.8440830716 119.1263086334 
8.3664076896 100.8965021636 
8.6793693864 107.0432847266 
7.8345001627 84.7772442479 
9.6539258309 113.4858427601 
7.8620518361 88.5188653268 
9.2903305129 111.1473321535 
8.5855977264 101.5969061672 
11.5541583816 117.5173622658 
12.7300295097 118.5186328180 
8.9656172106 109.5267290398 
12.7336712604 118.5225168664 
10.7860094680 116.6372246519 
7.8143802257 79.3126257676 
10.8817779903 117.0890884388 
10.1914646871 115.0946946874 
10.1914646871 115.0946946874 
- 
7.8143802257 79.3126257676 
15.0647915921 119.6659040441 
8.3241253313 100.8965021636 
7.9554236024 92.3190158035 
7.8620518361 88.5188653268 
9.2903305129 111.1473321535 
11.5738633856 117.7285820300 
8.9656172106 109.5267290398 
15.0647915921 119.6659040441 
13.8440830716 119.1263086334 
12.7300295097 118.5186328180 
8.6793693864 107.0432847266 
13.0144158997 118.6798391963 
8.5904970007 104.7853668239 
10.7860094680 116.6372246519 
7.8143802257 79.3126257676 
7.8345001627 84.7772442479 
8.5385034398 101.5969061672 
10.8817779903 117.0890884388 
13.8440830716 119.1263086334 
- 
15.0647915921 119.6659040441 
7.8055561065 79.3126257676 
7.9554236024 92.3190158035 
10.2131517202 115.6005038034 
8.3241253313 100.8965021636 
9.2903305129 111.1473321535 
7.8345001627 84.7772442479 
12.7300295097 118.5186328180 
11.5738633856 117.7285820300 
7.8620518361 88.5188653268 
8.6793693864 107.0432847266 
13.0144158997 118.6798391963 
14.0241796124 119.1866428482 
14.9773499511 119.6437111230 
8.5904970007 104.7853668239 
8.5385034398 101.5969061672 
8.9656172106 109.5267290398 
10.7840207641 116.7911556798 
13.8440830716 119.1263086334 
11.4038008828 117.5882886030 
- 
15.0647915921 119.6659040441 
7.8055561065 79.3126257676 
7.9554236024 92.3190158035 
10.2131517202 115.6005038034 
9.2903305129 111.1473321535 
8.3241253313 100.8965021636 
7.8620518361 88.5188653268 
12.3580034694 118.2852973921 
8.6793693864 107.0432847266 
13.8440830716 119.1263086334 
13.0144158997 118.6798391963 
11.5738633856 117.7285820300 
7.8345001627 84.7772442479 
11.4038008828 117.5882886030 
8.4782143516 104.0393407743 
10.7840207641 116.7911556798 
10.7840207641 116.7911556798 
8.5904970007 104.7853668239 
8.9656172106 109.5267290398 
8.4295255551 101.0977075548 
- 
15.0647915921 119.6659040441 
7.8055561065 79.3126257676 
10.2131517202 115.6005038034 
7.9554236024 92.3190158035 
9.1876965021 111.4141814573 
8.3122654389 97.8452925626 
7.8345001627 84.7772442479 
7.8620518361 88.5188653268 
13.9485796431 119.1739122916 
13.0144158997 118.6798391963 
8.9656172106 109.5267290398 
11.4038008828 117.5882886030 
12.3580034694 118.2852973921 
13.8440830716 119.1263086334 
11.8568151938 117.9428135962 
10.7840207641 116.7911556798 
10.7840207641 116.7911556798 
8.6793693864 107.0432847266 
12.7010092523 118.5040623301 
8.3241253313 100.8965021636 
- 
15.0647915921 119.6659040441 
7.8055561065 79.3126257676 
9.1876965021 111.4141814573 
8.6793693864 107.0432847266 
8.3241253313 100.8965021636 
8.2878477243 97.8452925626 
10.2131517202 115.6005038034 
7.9554236024 92.3190158035 
8.9656172106 109.5267290398 
13.9485796431 119.1739122916 
7.8345001627 84.7772442479 
13.0144158997 118.6798391963 
13.8440830716 119.1263086334 
10.2131517202 115.6005038034 
10.7840207641 116.7911556798 
7.9554236024 92.3190158035 
7.8620518361 88.5188653268 
11.2579003916 117.4373579006 
7.8345001627 84.7772442479 
7.8620518361 88.5188653268 
- 
15.0647915921 119.6659040441 
7.8055561065 79.3126257676 
12.2112265727 118.1654057632 
9.8037715362 114.3869880659 
8.6793693864 107.0432847266 
11.2579003916 117.4373579006 
8.4235258907 101.0457045875 
8.1869273528 97.6882356653 
13.9485796431 119.1739122916 
9.1876965021 111.4141814573 
15.0647915921 119.6659040441 
7.9554236024 92.3190158035 
13.0144158997 118.6798391963 
7.8055561065 79.3126257676 
7.8345001627 84.7772442479 
8.9656172106 109.5267290398 
13.1902246912 118.7756552119 
10.2131517202 115.6005038034 
10.7840207641 116.7911556798 
7.9554236024 92.3190158035 
- 
15.0647915921 119.6659040441 
7.8055561065 79.3126257676 
8.1869273528 97.6882356653 
8.4235258907 101.0457045875 
9.8037715362 114.3869880659 
9.1876965021 111.4141814573 
13.9485796431 119.1739122916 
7.9554236024 92.3190158035 
7.8345001627 84.7772442479 
12.2112265727 118.1654057632 
10.2125334081 115.8886369626 
8.6247162002 106.0932440487 
14.7222469135 119.5087650136 
7.9554236024 92.3190158035 
11.2579003916 117.4373579006 
11.7644413809 117.7633673457 
13.1902246912 118.7756552119 
7.8055561065 79.3126257676 
7.8345001627 84.7772442479 
8.6793693864 107.0432847266 
- 
15.0647915921 119.6659040441 
7.8055561065 79.3126257676 
8.4235258907 101.0457045875 
13.9485796431 119.1739122916 
7.8349004736 84.8676357284 
7.9554236024 92.3190158035 
8.7048369904 107.3701804103 
11.1418486174 117.3325531247 
9.1876965021 111.4141814573 
8.1869273528 97.6882356653 
7.9554236024 92.3190158035 
10.2379430672 115.9300715235 
9.8037715362 114.3869880659 
9.1876965021 111.4141814573 
8.6139972894 105.8290323248 
12.2112265727 118.1654057632 
13.1902246912 118.7756552119 
7.8055561065 79.3126257676 
7.8345001627 84.7772442479 
8.1869273528 97.6882356653 
- 
15.0647915921 119.6659040441 
7.8055561065 79.3126257676 
12.2112265727 118.1654057632 
8.1737318131 97.6882356653 
13.1902246912 118.7756552119 
11.1418486174 117.3325531247 
8.6986824632 107.3701804103 
7.8349004736 84.8676357284 
7.9554236024 92.3190158035 
8.4235258907 101.0457045875 
10.2379430672 115.9300715235 
13.9485796431 119.1739122916 
9.1876965021 111.4141814573 
8.0203453110 93.0793768183 
10.7167548148 116.7435361977 
9.5454853534 112.2395141885 
8.5939651508 103.3928475627 
7.8345001627 84.7772442479 
7.8055561065 79.3126257676 
13.8487375761 119.0033887712 
- 
15.0647915921 119.6659040441 
7.8055561065 79.3126257676 
10.2379430672 115.9300715235 
11.1418486174 117.3325531247 
7.9554236024 92.3190158035 
7.8349004736 84.8676357284 
8.4235258907 101.0457045875 
9.5454853534 112.2395141885 
13.9485796431 119.1739122916 
12.2112265727 118.1654057632 
8.6986824632 107.3701804103 
9.1876965021 111.4141814573 
15.0647915921 119.6659040441 
13.1847675625 118.7554981583 
12.2112265727 118.1654057632 
7.8055561065 79.3126257676 
7.8345001627 84.7772442479 
8.1737318131 97.6882356653 
8.0203453110 93.0793768183 
8.1737318131 97.6882356653 
- 
15.0647915921 119.6659040441 
7.8055561065 79.3126257676 
8.6986824632 107.3701804103 
11.1353145898 117.3325531247 
8.4235258907 101.0457045875 
9.5454853534 112.2395141885 
9.1876965021 111.4141814573 
8.1252708442 97.6882356653 
7.8356492028 85.0248165124 
7.9538821900 92.2316180021 
13.9485796431 119.1739122916 
10.2379430672 115.9300715235 
12.2112265727 118.1654057632 
15.0647915921 119.6659040441 
10.2396954057 115.9657156648 
7.9992226764 93.9204902746 
12.2314833416 118.1796279411 
13.1847675625 118.7554981583 
7.8055561065 79.3126257676 
7.8345001627 84.7772442479 
- 
15.0647915921 119.6659040441 
7.8055561065 79.3126257676 
8.4235258907 101.0457045875 
9.5454853534 112.2395141885 
7.8544790592 87.7334244188 
8.6986824632 107.3701804103 
10.2379430672 115.9300715235 
13.1847675625 118.7554981583 
11.9590773904 117.9817045160 
8.9703865695 109.3670327438 
15.0647915921 119.6659040441 
13.9485796431 119.1739122916 
11.1353145898 117.3325531247 
10.2396954057 115.9657156648 
7.8345001627 84.7772442479 
7.8055561065 79.3126257676 
11.1353145898 117.3325531247 
7.9538821900 92.2316180021 
8.1252708442 97.6882356653 
13.9485796431 119.1739122916 
- 
15.0647915921 119.6659040441 
7.7965035789 82.9187377531 
8.3907448693 102.4911344106 
8.1252708442 97.6882356653 
7.9538821900 92.2316180021 
8.6986824632 107.3701804103 
7.8544790592 87.7334244188 
9.5454853534 112.2395141885 
9.5826112700 113.7543537011 
13.1847675625 118.7554981583 
14.9937112970 119.6652302856 
8.9703865695 109.3670327438 
13.9485796431 119.1739122916 
11.0773107383 117.2747318853 
10.3036614748 115.9657156659 
10.2379430672 115.9300715235 
7.8345001627 84.7772442479 
11.9590773904 117.9817045160 
11.1353145898 117.3325531247 
13.9485796431 119.1739122916 
- 
7.7965035789 82.9187377531 
15.0647915932 119.6659040444 
8.3907448693 102.4911344106 
8.1252708442 97.6882356653 
11.9590773904 117.9817045160 
13.0688446469 118.6884708969 
8.6986824632 107.3701804103 
9.2297263654 110.6473457663 
7.9538821900 92.2316180021 
14.4647637840 119.4025512733 
10.3036614748 115.9657156659 
11.0773107383 117.2747318853 
10.0425088777 114.9238714834 
7.8345001627 84.7772442479 
7.8544790592 87.7334244188 
7.9538821880 92.2316179294 
13.1847675625 118.7554981583 
9.4773691007 113.1904476570 
11.1401141025 117.3325531288 
9.5826112700 113.7543537011 
- 
7.7965035789 82.9187377531 
15.0647915932 119.6659040444 
14.4647637840 119.4025512733 
13.1847675625 118.7554981583 
10.3036614748 115.9657156659 
8.3907448693 102.4911344106 
8.6986824632 107.3701804103 
7.9542094270 92.2503401753 
8.1252708442 97.6882356653 
8.3907448693 102.4911344106 
8.1252708442 97.6882356653 
8.6986824632 107.3701804103 
9.2297263654 110.6473457663 
10.0425088777 114.9238714834 
11.0773107383 117.2747318853 
7.8345001627 84.7772442479 
7.8544790592 87.7334244188 
7.9538821880 92.2316179294 
9.4773691007 113.1904476570 
11.9368894122 117.9433202625 
- 
7.7965035789 82.9187377531 
15.0647915932 119.6659040444 
13.1847675625 118.7554981583 
11.0773107383 117.2747318853 
9.2297263654 110.6473457663 
7.8544790592 87.7334244188 
14.4647637840 119.4025512733 
12.4999342037 118.3646233566 
10.0425088777 114.9238714834 
8.5540345770 102.6488744950 
7.9542094270 92.2503401753 
8.1252708442 97.6882356653 
9.0138789857 107.5582979551 
8.6986824632 107.3701804103 
10.3748560901 116.1739413018 
8.2786071733 98.0045649826 
7.8345001627 84.7772442479 
7.9340010199 92.2316179294 
11.9368894122 117.9433202625 
8.3516041763 101.7779232645 
- 
7.7965035789 82.9187377531 
15.0647915932 119.6659040444 
9.2297263654 110.6473457663 
10.0425088777 114.9238714834 
11.9368894122 117.9433202625 
14.4647637840 119.4025512733 
12.4999342037 118.3646233566 
13.2706336928 118.7922939178 
8.1252708442 97.6882356653 
7.9542094270 92.2503401753 
8.3516041763 101.7779232645 
8.9058152948 108.0755027692 
8.6986824632 107.3701804103 
8.5540345770 102.6488744950 
11.0773107383 117.2747318853 
7.8544790592 87.7334244188 
7.9340010199 92.2316179294 
13.1847675625 118.7554981583 
9.2297263654 110.6473457663 
8.2786071733 98.0045649826 
- 
7.7965035789 82.9187377531 
15.0647915932 119.6659040444 
11.0773107383 117.2747318853 
7.8544790592 87.7334244188 
10.0425088777 114.9238714834 
8.4166680453 103.1154003468 
14.2148268942 119.2936219010 
8.1252708442 97.6882356653 
7.9542094270 92.2503401753 
9.4849555903 111.9758465112 
8.3516041763 101.7779232645 
9.7602933035 114.0631555950 
13.2706336928 118.7922939178 
8.6986824632 107.3701804103 
8.2786071733 98.0045649826 
12.4999342037 118.3646233566 
7.7965035789 82.9187377531 
7.9340010199 92.2316179294 
11.8259486385 117.8646345084 
14.4647637840 119.4025512733 
- 
7.7965035789 82.9187377531 
15.0647915932 119.6659040444 
8.6986824632 107.3701804103 
10.0425088777 114.9238714834 
13.2706336928 118.7922939178 
9.2070386817 110.4032526343 
12.4999342037 118.3646233566 
11.0773107383 117.2747318853 
8.1252708442 97.6882356653 
8.4166680453 103.1154003468 
14.2148268942 119.2936219010 
7.9542094270 92.2503401753 
8.3516041763 101.7779232645 
8.2786071733 98.0045649826 
7.7970155593 83.2239757869 
7.9309086682 92.0544385766 
9.7602933035 114.0631555950 
7.8544790575 87.7334243055 
7.8544790592 87.7334244188 
11.0773107383 117.2747318853 
- 
7.7965035789 82.9187377531 
15.0647915932 119.6659040444 
8.6986824632 107.3701804103 
14.2148268942 119.2936219010 
9.7602933035 114.0631555950 
12.4999342037 118.3646233566 
11.0773107383 117.2747318853 
10.0792783029 114.9755776644 
8.4152240856 103.1154003468 
11.0773107383 117.2747318853 
7.9542094270 92.2503401753 
9.2070386817 110.4032526343 
8.1252708442 97.6882356653 
9.2070386817 110.4032526343 
13.2706336928 118.7922939178 
7.8000899635 83.4409771431 
7.9268422286 91.9424837339 
7.8544790592 87.7334244188 
7.8544790575 87.7334243055 
13.2706336928 118.7922939178 
- 
7.7965035789 82.9187377531 
15.0647915932 119.6659040444 
8.4152240856 103.1154003468 
12.4999342037 118.3646233566 
9.7602933035 114.0631555950 
11.0773107383 117.2747318853 
11.0773107383 117.2747318853 
10.0792783029 114.9755776644 
8.1252708442 97.6882356653 
9.2070386817 110.4032526343 
7.9542094270 92.2503401753 
8.1252708442 97.6882356653 
8.6986824632 107.3701804103 
8.9956747953 108.3469779389 
14.2148268942 119.2936219010 
13.2706336928 118.7922939178 
15.0647915932 119.6659040444 
14.2148268942 119.2936219010 
7.9268422286 91.9424837339 
7.8544790592 87.7334244188 
- 
7.7965035789 82.9187377531 
15.0647915932 119.6659040444 
12.4999342037 118.3646233566 
8.4152240856 103.1154003468 
9.7602933035 114.0631555950 
11.0773107383 117.2747318853 
8.6986824632 107.3701804103 
10.0378122575 115.2214609238 
10.7363560687 116.8841327674 
8.1252708442 97.6882356653 
9.2370159646 110.6603737109 
7.9542094270 92.2503401753 
8.1150614829 97.3675537181 
8.9956747953 108.3469779389 
13.7368127558 119.0555634433 
7.8418130255 87.7334243055 
7.9268422286 91.9424837339 
7.8544790592 87.7334244188 
13.2706336928 118.7922939178 
14.8126151214 119.5608479004 
- 
7.7965035789 82.9187377531 
15.0647915932 119.6659040444 
9.1878201957 110.6603737109 
11.0773107383 117.2747318853 
9.7602933035 114.0631555950 
12.4019762448 118.2832907392 
8.1252708451 97.6882357151 
8.4152240856 103.1154003468 
7.9542094270 92.2503401753 
8.1150614829 97.3675537181 
13.7368127558 119.0555634433 
14.8126151214 119.5608479004 
8.8057482750 108.3469779389 
8.6986824632 107.3701804103 
8.4152240856 103.1154003468 
10.1396106832 115.4713639567 
7.8418130255 87.7334243055 
7.9268422286 91.9424837339 
7.8544790592 87.7334244188 
10.7363560687 116.8841327674 
- 
7.7965035789 82.9187377531 
15.0647915932 119.6659040444 
9.1878201957 110.6603737109 
11.0773107383 117.2747318853 
12.4019762448 118.2832907392 
13.5396297348 118.9553479274 
8.1252708451 97.6882357151 
8.4152240856 103.1154003468 
13.7368127558 119.0555634433 
12.4021204165 118.2841447284 
9.7175209485 114.0600630389 
14.7699681262 119.5490974387 
8.0160767087 95.1470530257 
8.6986824632 107.3701804103 
8.4152240856 103.1154003468 
7.8418130255 87.7334243055 
7.7965035789 82.9187377531 
7.9268422286 91.9424837339 
7.8544790592 87.7334244188 
10.7363560687 116.8841327674 
- 
7.7965035789 82.9187377531 
15.0647915932 119.6659040444 
9.7175209485 114.0600630389 
10.7363560687 116.8841327674 
11.8552116493 117.9137860228 
8.1252708451 97.6882357151 
8.4152240856 103.1154003468 
12.4021204165 118.2841447284 
13.5396297348 118.9553479274 
9.1878201957 110.6603737109 
8.6986824660 107.3701804399 
9.1878201957 110.6603737109 
14.0119390281 119.1950177520 
8.6986824632 107.3701804103 
8.4152240856 103.1154003468 
14.7699681262 119.5490974387 
7.8418130255 87.7334243055 
7.7965035789 82.9187377531 
7.8544790592 87.7334244188 
7.9268422286 91.9424837339 
- 
7.7965035789 82.9187377531 
15.0647915932 119.6659040444 
8.1252708451 97.6882357151 
11.8552116493 117.9137860228 
10.7117527262 116.8440458740 
9.7335211483 114.1344574030 
8.4152240856 103.1154003468 
10.7363560687 116.8841327674 
13.5396297348 118.9553479274 
14.0119390281 119.1950177520 
7.9268422286 91.9424837339 
12.7880374493 118.5337385430 
9.5131520758 112.9778577954 
14.7699681262 119.5490974387 
8.9040353331 107.6270329654 
8.6986824632 107.3701804103 
8.4152240856 103.1154003468 
12.4021204165 118.2841447284 
7.7965035789 82.9187377531 
7.8418130255 87.7334243055 
- 
7.7965035789 82.9187377531 
15.0647915932 119.6659040444 
8.1252708451 97.6882357151 
7.9268422286 91.9424837339 
11.8552116493 117.9137860228 
7.8270364847 87.7334243055 
9.1064147394 110.5554106644 
10.2660356676 115.8979403686 
8.4152240856 103.1154003468 
10.7363560687 116.8841327674 
9.5131520758 112.9778577954 
9.7335211483 114.1344574030 
8.6894230595 107.3368019032 
8.4152240856 103.1154003468 
12.4021204165 118.2841447284 
8.8699027944 107.6270329654 
7.7965035789 82.9187377531 
14.7699681262 119.5490974387 
12.9916727600 118.5641396122 
14.2360632757 119.2824080373 
- 
7.7965035789 82.9187377531 
15.0647915932 119.6659040444 
10.7363560687 116.8841327674 
11.8552116493 117.9137860228 
7.8270364847 87.7334243055 
10.2660356676 115.8979403686 
9.1064147394 110.5554106644 
12.9916727600 118.5641396122 
14.2360632757 119.2824080373 
8.1252708451 97.6882357151 
8.4152240856 103.1154003468 
8.1252708451 97.6882357151 
7.9268422286 91.9424837339 
12.4021204165 118.2841447284 
8.6894230595 107.3368019032 
8.4152240856 103.1154003468 
7.7965035789 82.9187377531 
7.9268422286 91.9424837339 
9.5131520758 112.9778577954 
9.7335211483 114.1344574030 
- 
7.7965035789 82.9187377531 
15.0647915932 119.6659040444 
14.2360632757 119.2824080373 
12.9916727600 118.5641396122 
10.7363560687 116.8841327674 
9.1064147394 110.5554106644 
8.6894230595 107.3368019032 
8.2837272936 100.2199200145 
8.1051687224 97.0472724382 
11.8550538707 117.9129119990 
12.4021204165 118.2841447284 
7.9268422286 91.9424837339 
8.4446838126 103.6618919624 
8.9868013277 108.1139804403 
7.7965035789 82.9187377531 
7.8270364847 87.7334243055 
7.8270364847 87.7334243055 
7.9268422286 91.9424837339 
9.5131520758 112.9778577954 
10.2660356676 115.8979403686 
- 
7.7965035789 82.9187377531 
15.0647915932 119.6659040444 
14.2360632757 119.2824080373 
12.9916727600 118.5641396122 
10.7363560687 116.8841327674 
8.4446838126 103.6618919624 
9.1064147394 110.5554106644 
9.5131520758 112.9778577954 
11.8550538707 117.9129119990 
10.2660356676 115.8979403686 
8.1051687224 97.0472724382 
7.9268422286 91.9424837339 
8.9868013277 108.1139804403 
7.7965035789 82.9187377531 
7.8270364847 87.7334243055 
8.6894230595 107.3368019032 
7.9268422286 91.9424837339 
7.8270364847 87.7334243055 
15.0647915932 119.6659040444 
8.2837272936 100.2199200145 
- 
7.7965035789 82.9187377531 
15.0647915932 119.6659040444 
12.9916727600 118.5641396122 
14.2360632757 119.2824080373 
9.4891054883 113.3082639084 
11.8550538707 117.9129119990 
7.8260671721 88.0578167169 
8.4446838126 103.6618919624 
8.2837272936 100.2199200145 
9.1064147394 110.5554106644 
10.2081543355 115.3764338858 
11.2496330613 117.4368125125 
8.0700579191 96.9747802886 
7.9268422286 91.9424837339 
7.7965035789 82.9187377531 
8.6894230595 107.3368019032 
14.9503163335 119.5624389290 
7.9268422286 91.9424837339 
8.1051687224 97.0472724382 
10.2660356676 115.8979403686 
- 
7.7965035789 82.9187377531 
15.0647915932 119.6659040444 
12.9916727600 118.5641396122 
14.2360632757 119.2824080373 
7.9218720921 91.9424837339 
9.1064147394 110.5554106644 
11.8550538707 117.9129119990 
7.8260671721 88.0578167169 
8.4446838126 103.6618919624 
8.0688196010 97.0472724382 
9.4891054883 113.3082639084 
11.2028332856 117.3814455819 
10.2660356676 115.8979403686 
9.9763817411 114.5060670796 
8.2837272936 100.2199200145 
8.6894230595 107.3368019032 
7.7965035789 82.9187377531 
8.6894230595 107.3368019032 
8.2419080769 99.1160876202 
14.9503163335 119.5624389290 
- 
7.7965035789 82.9187377531 
15.0647915932 119.6659040444 
7.8260671721 88.0578167169 
11.8550538707 117.9129119990 
12.9916727600 118.5641396122 
14.2360632757 119.2824080373 
8.4446838126 103.6618919624 
12.9916727600 118.5641396122 
8.0046333086 94.6840153186 
10.9528163728 117.1807743615 
8.0688196010 97.0472724382 
9.1064147394 110.5554106644 
8.6894230595 107.3368019032 
7.7965035789 82.9187377531 
9.4891054883 113.3082639084 
10.2660356676 115.8979403686 
8.5546894949 105.4669163329 
9.1064147394 110.5554106644 
14.9503163335 119.5624389290 
7.9218720921 91.9424837339 
- 
7.7965035789 82.9187377531 
15.0647915932 119.6659040444 
7.8260671721 88.0578167169 
8.0688196010 97.0472724382 
7.9218720921 91.9424837339 
14.2285645930 119.2286222336 
12.9916727600 118.5641396122 
9.4891054883 113.3082639084 
10.2657405418 115.4799617839 
8.3513621956 101.1073785661 
8.0046333086 94.6840153186 
10.9528163728 117.1807743615 
9.1064147394 110.5554106644 
8.6894230595 107.3368019032 
11.8453728800 117.7438259260 
7.7965035789 82.9187377531 
12.5078757952 118.3395017775 
8.5546894949 105.4669163329 
10.9445605006 116.7027626279 
9.4589069056 112.8068332329 
- 
7.7965035789 82.9187377531 
15.0647915932 119.6659040444 
14.2285645930 119.2286222336 
12.9916727600 118.5641396122 
9.1064147394 110.5554106644 
8.0688196010 97.0472724382 
8.5546894949 105.4669163329 
8.6894230595 107.3368019032 
7.8260671721 88.0578167169 
11.8453728800 117.7438259260 
10.2615208217 114.3161305269 
8.0046333086 94.6840153186 
10.9528163728 117.1807743615 
8.3513621956 101.1073785661 
8.3513621956 101.1073785661 
9.4891054883 113.3082639084 
7.7965035789 82.9187377531 
10.9445605006 116.7027626279 
7.9218720921 91.9424837339 
12.5078757952 118.3395017775 
- 
7.7965035789 82.9187377531 
15.0647915932 119.6659040444 
9.1064147394 110.5554106644 
10.2615208217 114.3161305269 
7.8260671721 88.0578167169 
11.8453728800 117.7438259260 
14.2285645930 119.2286222336 
12.9916727600 118.5641396122 
10.9445605006 116.7027626279 
8.5546894949 105.4669163329 
8.6894230595 107.3368019032 
8.0046333086 94.6840153186 
8.2127991898 97.4672788534 
8.3513621956 101.1073785661 
7.7965035789 82.9187377531 
10.9528163728 117.1807743615 
9.5961018241 113.5174608367 
9.4891054883 113.3082639084 
15.0647915932 119.6659040444 
14.2285645930 119.2286222336 
- 
7.7965035789 82.9187377531 
15.0647915932 119.6659040444 
8.3240494761 101.1073785661 
9.1064147394 110.5554106644 
10.2615208217 114.3161305269 
8.5546894949 105.4669163329 
8.2127991898 97.4672788534 
7.8260671721 88.0578167169 
8.0046333086 94.6840153186 
12.0925899767 117.9809521708 
12.9916727600 118.5641396122 
13.2513170438 118.7105213129 
10.8568003413 115.3039066305 
14.1647424874 119.0714568142 
8.6894230595 107.3368019032 
7.7965035789 82.9187377531 
7.8260671721 88.0578167169 
11.1018214108 117.1883527548 
9.5961018241 113.5174608367 
9.4756378757 112.5145669188 
- 
15.0647915932 119.6659040444 
7.7964285874 81.7689306207 
8.0046333086 94.6840153186 
13.9623702954 119.1508240650 
11.1018214108 117.1883527548 
12.0925899767 117.9809521708 
7.8260671721 88.0578167169 
10.8568003413 115.3039066305 
8.6894230595 107.3368019032 
8.5546894949 105.4669163329 
10.2615208217 114.3161305269 
8.3724792763 102.1804787550 
8.3240494761 101.1073785661 
9.0376699064 109.9522268148 
7.7965035789 82.9187377531 
7.8260671721 88.0578167169 
12.5745613940 118.3097229147 
9.1064147394 110.5554106644 
13.2513170438 118.7105213129 
9.7719048013 114.2474722672 
- 
15.0647915932 119.6659040444 
7.7964285874 81.7689306207 
8.0046333086 94.6840153186 
13.9623702954 119.1508240650 
9.7719048013 114.2474722672 
11.0861227679 117.1883527548 
8.3240494761 101.1073785661 
13.2513170438 118.7105213129 
7.8260671721 88.0578167169 
10.5931316059 116.4611880863 
9.1064147394 110.5554106644 
12.0925899767 117.9809521708 
8.5546894949 105.4669163329 
7.7969869528 83.2085742131 
7.8236952349 87.8139528542 
8.6894230595 107.3368019032 
8.9558417089 108.0646128447 
8.4155705268 103.1220458554 
12.5745613940 118.3097229147 
10.2615208217 114.3161305269 
- 
15.0647915932 119.6659040444 
7.7964285874 81.7689306207 
8.2699711815 99.8709283295 
13.2513170438 118.7105213129 
8.0046333086 94.6840153186 
7.8260671721 88.0578167169 
9.7719048013 114.2474722672 
9.1064147394 110.5554106644 
8.0046333086 94.6840153186 
14.6194152290 119.4213671993 
7.7969869528 83.2085742131 
11.0861227679 117.1883527548 
12.0925899767 117.9809521708 
8.5546894949 105.4669163329 
8.4155705268 103.1220458554 
7.8236952349 87.8139528542 
8.9558417089 108.0646128447 
13.9623702954 119.1508240650 
8.3240494761 101.1073785661 
12.5745613940 118.3097229147 
- 
15.0647915932 119.6659040444 
7.7964285874 81.7689306207 
11.0861227679 117.1883527548 
9.1064147394 110.5554106644 
9.9666666683 114.7108382462 
9.7719048013 114.2474722672 
8.2699711815 99.8709283295 
13.2513170438 118.7105213129 
8.9324054302 108.2580797409 
8.5546894949 105.4669163329 
7.8260671721 88.0578167169 
8.0046333086 94.6840153186 
8.0046333086 94.6840153186 
14.6194152290 119.4213671993 
7.7969869528 83.2085742131 
8.4155705268 103.1220458554 
12.0925899767 117.9809521708 
7.8236952349 87.8139528542 
12.5745613940 118.3097229147 
13.9623702954 119.1508240650 
- 
15.0647915932 119.6659040444 
7.7964285874 81.7689306207 
11.0861227679 117.1883527548 
8.2699711815 99.8709283295 
9.1064147394 110.5554106644 
10.2002787732 115.5833845015 
12.0925899767 117.9809521708 
9.7719048013 114.2474722672 
7.8260671721 88.0578167169 
13.2513170438 118.7105213129 
8.0046333086 94.6840153186 
8.0046333086 94.6840153186 
7.8236952349 87.8139528542 
8.9324054302 108.2580797409 
8.5546894949 105.4669163329 
7.7969869528 83.2085742131 
13.8961257839 119.1156311902 
12.5745613940 118.3097229147 
13.9623702954 119.1508240650 
8.4155705268 103.1220458554 
- 
15.0647915932 119.6659040444 
7.7964285874 81.7689306207 
8.2699711815 99.8709283295 
12.0925899767 117.9809521708 
9.7719048013 114.2474722672 
8.9324054302 108.2580797409 
7.8260671721 88.0578167169 
8.0046333086 94.6840153186 
9.2183692763 111.4511954279 
8.4155705268 103.1220458554 
13.9623702954 119.1508240650 
8.0046333086 94.6840153186 
15.0647915932 119.6659040444 
10.9479047895 116.5934591026 
11.1996632630 117.2280136661 
10.2002787732 115.5833845015 
13.2513170438 118.7105213129 
7.8236952349 87.8139528542 
8.5546894949 105.4669163329 
7.7969869528 83.2085742131 
- 
15.0647915932 119.6659040444 
7.7964285874 81.7689306207 
7.8233736689 88.0578167169 
8.2699711815 99.8709283295 
12.0925899767 117.9809521708 
9.7719048013 114.2474722672 
8.0046333086 94.6840153186 
12.8113435529 118.5645415390 
8.0046333086 94.6840153186 
15.0647915932 119.6659040444 
13.9623702954 119.1508240650 
9.2183692763 111.4511954279 
11.1996632630 117.2280136661 
10.9479047895 116.5934591026 
7.7969869528 83.2085742131 
10.3820465434 115.6197364025 
8.9324054302 108.2580797409 
8.5546894949 105.4669163329 
8.9324054302 108.2580797409 
9.2183692763 111.4511954279 
- 
7.7964285874 81.7689306207 
15.0205038162 119.6659040444 
8.5546894949 105.4669163329 
9.7719048013 114.2474722672 
12.0925899767 117.9809521708 
8.9174709675 109.0283250820 
7.8233736689 88.0578167169 
8.0046333086 94.6840153186 
8.2699711815 99.8709283295 
12.8113435529 118.5645415390 
13.9623702954 119.1508240650 
8.2699711815 99.8709283295 
8.0046333086 94.6840153186 
13.9623702954 119.1508240650 
11.1959922856 117.2687663020 
9.2183692763 111.4511954279 
7.8233736689 88.0578167169 
7.7969869528 83.2085742131 
10.3820465434 115.6197364025 
12.8113435529 118.5645415390 
- 
7.7964285874 81.7689306207 
15.0205038162 119.6659040444 
8.5546894949 105.4669163329 
9.7719048013 114.2474722672 
7.9060123414 88.7952534865 
8.2699711815 99.8709283295 
12.8113435529 118.5645415390 
13.9623702954 119.1508240650 
8.0046333086 94.6840153186 
8.2699711815 99.8709283295 
8.0046333086 94.6840153186 
14.5920521184 119.4458623929 
7.7964941099 83.7537583390 
11.1959922856 117.2687663020 
10.3820465434 115.6197364025 
9.3723152106 111.9703799042 
8.9174709675 109.0283250820 
11.3690852178 117.5568623272 
10.3820465434 115.6197364025 
7.8203143513 87.5720832562 
- 
7.7964285874 81.7689306207 
15.0205038162 119.6659040444 
8.5546894949 105.4669163329 
9.3723152106 111.9703799042 
8.2442412508 99.8709283295 
11.3691843589 117.5568734083 
12.8113435529 118.5645415390 
8.3772298656 102.7105563712 
9.7719048013 114.2474722672 
13.2530216657 118.6697758128 
8.1793905333 94.9031053740 
7.9944806456 92.9323918644 
7.9060123414 88.7952534865 
8.9151310575 109.0283250820 
14.5920521184 119.4458623929 
7.7964941099 83.7537583390 
10.7857478268 116.5076559456 
7.8203143513 87.5720832562 
8.9501442008 109.6616923978 
10.0621289023 115.2192757430 
- 
7.7964285874 81.7689306207 
15.0205038162 119.6659040444 
13.2530216657 118.6697758128 
10.7857478268 116.5076559456 
12.6316526502 118.3560664633 
14.5920521184 119.4458623929 
10.0621289023 115.2192757430 
11.3691843589 117.5568734083 
9.7719048013 114.2474722672 
7.8203143513 87.5720832562 
8.1793905333 94.9031053740 
8.5546894949 105.4669163329 
8.9151310575 109.0283250820 
8.9501442008 109.6616923978 
8.2442412508 99.8709283295 
7.9944806456 92.9323918644 
7.9060123414 88.7952534865 
9.3723152106 111.9703799042 
9.3723152106 111.9703799042 
11.3691843589 117.5568734083 
- 
7.7964285874 81.7689306207 
15.0205038162 119.6659040444 
8.5546894949 105.4669163329 
13.2530216657 118.6697758128 
12.6316526502 118.3560664633 
14.5827984084 119.4458623929 
10.7857478268 116.5076559456 
8.1793905333 94.9031053740 
7.8203143513 87.5720832562 
11.3691843589 117.5568734083 
8.2442412508 99.8709283295 
9.7719048013 114.2474722672 
8.8948288281 109.1243301821 
7.7964285874 81.7689306207 
8.9501442008 109.6616923978 
8.2442412508 99.8709283295 
10.0621289023 115.2192757430 
7.9944806456 92.9323918644 
7.9060123414 88.7952534865 
9.3723152106 111.9703799042 
- 
7.7964285874 81.7689306207 
15.0205038162 119.6659040444 
11.3691843589 117.5568734083 
13.2530216657 118.6697758128 
14.5827984084 119.4458623929 
7.8203143513 87.5720832562 
12.6316526502 118.3560664633 
8.4021700879 102.7838787794 
8.8948288281 109.1243301821 
7.7964285874 81.7689306207 
7.9944806456 92.9323918644 
8.5546894949 105.4669163329 
8.2330354539 97.2493002965 
10.2997469806 115.3919347250 
10.7857478268 116.5076559456 
8.9501442008 109.6616923978 
8.1793905333 94.9031053740 
7.9060123414 88.7952534865 
9.3363943416 111.4992823516 
9.7719048013 114.2474722672 
- 
7.7964285874 81.7689306207 
15.0205038162 119.6659040444 
12.4941732903 118.3797213873 
14.5827984084 119.4458623929 
8.2330354539 97.2493002965 
8.5546894949 105.4669163329 
13.2833392858 118.7070171133 
11.3691843589 117.5568734083 
7.8203143513 87.5720832562 
10.2548135140 115.3919347250 
7.9944806456 92.9323918644 
10.7857478268 116.5076559456 
8.4021700879 102.7838787794 
7.9060123414 88.7952534865 
8.8948288281 109.1243301821 
7.7964285874 81.7689306207 
8.1793905333 94.9031053740 
9.3363943416 111.4992823516 
9.7719048013 114.2474722672 
8.9501442008 109.6616923978 
- 
7.7964285874 81.7689306207 
15.0205038162 119.6659040444 
12.4941732903 118.3797213873 
7.9944806456 92.9323918644 
8.1728714318 97.2493002965 
8.5546894949 105.4669163329 
11.3691843589 117.5568734083 
14.5827984084 119.4458623929 
7.8203143513 87.5720832562 
13.3712706548 118.8827713254 
8.3077875414 100.5705572842 
7.9060123414 88.7952534865 
8.8948288281 109.1243301821 
8.4021700879 102.7838787794 
7.7964285874 81.7689306207 
13.2833392858 118.7070171133 
10.7857478268 116.5076559456 
9.5407741265 113.0585103931 
9.7719048013 114.2474722672 
11.1275873096 117.2394840608 
- 
7.7964285874 81.7689306207 
15.0205038162 119.6659040444 
7.9944806456 92.9323918644 
8.1728714318 97.2493002965 
10.5044931065 116.5076559456 
9.7719048013 114.2474722672 
12.4941732903 118.3797213873 
7.8203143513 87.5720832562 
9.3300238425 111.6171060568 
14.5827984084 119.4458623929 
13.7932990664 119.0664307060 
8.8948288281 109.1243301821 
7.9060123414 88.7952534865 
8.5546894949 105.4669163329 
7.7964285874 81.7689306207 
11.8556489322 117.9454043326 
13.2833392858 118.7070171133 
9.5407741265 113.0585103931 
8.3077875414 100.5705572842 
10.9873103910 116.9391872012 
- 
7.7964285874 81.7689306207 
15.0205038162 119.6659040444 
8.5546894949 105.4669163329 
8.3077875414 100.5705572842 
7.9944806456 92.9323918644 
8.1269962484 97.2493002965 
9.7719048013 114.2474722672 
10.5044931065 116.5076559456 
7.8203143513 87.5720832562 
13.2833392858 118.7070171133 
10.8911433520 116.9943865376 
7.9060123414 88.7952534865 
11.8075315272 117.8367217675 
7.7964285874 81.7689306207 
8.8948288281 109.1243301821 
9.3300238425 111.6171060568 
8.8948288281 109.1243301821 
12.4941732903 118.3797213873 
14.5827984084 119.4458623929 
13.7932990664 119.0664307060 
- 
7.7964285874 81.7689306207 
15.0205038162 119.6659040444 
9.7719048013 114.2474722672 
11.8075315272 117.8367217675 
10.5024524232 116.5076559456 
8.3077875414 100.5705572842 
8.5546894949 105.4669163329 
7.8203143513 87.5720832562 
13.2833392858 118.7070171133 
7.7964285874 81.7689306207 
10.8911433520 116.9943865376 
8.6599298178 106.9560013407 
7.9944806456 92.9323918644 
8.1269962484 97.2493002965 
9.3300238425 111.6171060568 
8.8948288281 109.1243301821 
9.3300238425 111.6171060568 
7.9944806456 92.9323918644 
7.9060123414 88.7952534865 
12.6478111846 118.4425723203 
- 
7.7964285874 81.7689306207 
15.0205038162 119.6659040444 
13.2833392858 118.7070171133 
9.7704453563 114.2474722672 
15.0205038162 119.6659040444 
12.6478111846 118.4425723203 
8.3077875414 100.5705572842 
8.5546894949 105.4669163329 
10.5024524232 116.5076559456 
7.7964285874 81.7689306207 
7.8203143513 87.5720832562 
7.8822867219 88.7952534865 
10.8911433520 116.9943865376 
11.8075315272 117.8367217675 
8.1269962484 97.2493002965 
8.6599298178 106.9560013407 
11.8081294791 117.8445534680 
7.9944806456 92.9323918644 
9.3300238425 111.6171060568 
9.3300238425 111.6171060568 
- 
7.7964285874 81.7689306207 
15.0205038162 119.6659040444 
7.9944806456 92.9323918644 
10.5024524232 116.5076559456 
8.6599298178 106.9560013407 
9.3300238425 111.6171060568 
10.8911433520 116.9943865376 
12.6478111846 118.4425723203 
13.1844139226 118.7596369723 
7.8203143513 87.5720832562 
7.8776322013 88.7952534865 
8.3077875414 100.5705572842 
8.5546894949 105.4669163329 
9.7704453563 114.2474722672 
14.0675153034 119.1295845814 
7.7964285874 81.7689306207 
11.8075315272 117.8367217675 
14.2186943170 119.2907622043 
11.8081294791 117.8445534680 
8.1269962484 97.2493002965 
- 
7.7964285874 81.7689306207 
15.0205038162 119.6659040444 
9.3300238425 111.6171060568 
8.6599298178 106.9560013407 
10.5024524232 116.5076559456 
7.9944806456 92.9323918644 
7.8203143513 87.5720832562 
8.1269962484 97.2493002965 
8.3077875414 100.5705572842 
8.5546894949 105.4669163329 
9.7704453563 114.2474722672 
7.7964285874 81.7689306207 
13.1844139226 118.7596369723 
10.9980442856 117.1275104210 
8.0714729932 95.2455778498 
13.6395155509 118.9692595313 
11.8075315272 117.8367217675 
9.7704453563 114.2474722672 
7.8776322013 88.7952534865 
14.2186943170 119.2907622043 
- 
7.7964285874 81.7689306207 
15.0205038162 119.6659040444 
8.6599298178 106.9560013407 
9.7637977225 114.2474722672 
9.3300238425 111.6171060568 
13.1039762052 118.7145233762 
11.8106288497 117.8690297047 
10.5024524232 116.5076559456 
7.7964285874 81.7689306207 
7.8203143513 87.5720832562 
8.3077875414 100.5705572842 
10.9980442856 117.1275104210 
11.8075315272 117.8367217675 
8.3529220345 101.7423812275 
9.3517702387 112.3653465504 
8.4983320553 104.5013814886 
7.9944806456 92.9323918644 
7.8776322013 88.7952534865 
14.2186943170 119.2907622043 
8.1269962484 97.2493002965 
- 
7.7964285874 81.7689306207 
15.0205038162 119.6659040444 
13.1039762052 118.7145233762 
14.2186943170 119.2907622043 
9.7637977225 114.2474722672 
8.1269962484 97.2493002965 
9.0036947863 108.8834557868 
11.8106288497 117.8690297047 
7.9944806456 92.9323918644 
8.6599298178 106.9560013407 
10.5024524232 116.5076559456 
7.7964285874 81.7689306207 
7.8203143513 87.5720832562 
9.3300238425 111.6171060568 
8.3529220345 101.7423812275 
7.9062230084 91.0584038791 
11.1166694019 117.2317953632 
15.0205038162 119.6659040444 
11.8075315272 117.8367217675 
8.3077875414 100.5705572842 
- 
7.7964285874 81.7689306207 
15.0205038162 119.6659040444 
9.7637977225 114.2474722672 
14.2040026983 119.2907622043 
10.5024524232 116.5076559456 
7.8203143513 87.5720832562 
9.3300238425 111.6171060568 
11.1166694019 117.2317953632 
13.1039762052 118.7145233762 
11.8106288497 117.8690297047 
8.6599298178 106.9560013407 
8.3529220345 101.7423812275 
13.1632504430 118.7240677714 
8.1269962484 97.2493002965 
7.7964285874 81.7689306207 
8.3077875414 100.5705572842 
8.0427080289 96.0268253860 
15.0205038162 119.6659040444 
9.0036947863 108.8834557868 
11.8075315272 117.8367217675 
- 
