3.4011630600 4.9650342800 
3.6798635700 6.0600737500 
0.0482118800 1.0091572800 
2.9343385900 1.0968255300 
6.1059854000 4.2093128000 
5.8571840500 0.4763498200 
5.3768844700 4.8355797300 
2.5965158200 1.7725250900 
1.2686870400 5.5602942500 
3.8725595800 3.3153646000 
4.2062197400 6.5583804400 
0.6092473500 2.4671682000 
2.0983469200 3.0590947300 
0.8062060300 0.3184637500 
6.9344325600 1.6610601600 
2.2613196600 3.6426192900 
6.4004457600 3.9116659700 
5.0695512200 2.3811629800 
4.5604976000 5.6905876700 
1.4002890400 6.8327683500 
- 
6.1059854000 4.2093128000 
5.3768844700 4.8355797300 
5.3768844700 4.8355797300 
2.5965158200 1.7725250900 
2.5965158200 1.7725250900 
3.8725595800 3.3153646000 
4.2062197400 6.5583804400 
6.4004457600 3.9116659700 
6.4004457600 3.9116659700 
5.0695512200 2.3811629800 
5.0695512200 2.3811629800 
4.5604976000 5.6905876700 
5.8571840500 4.2422865428 
4.2357179206 3.5807989209 
4.6548939742 6.8327683500 
1.0891073379 1.0091572800 
3.6798635700 6.0600737500 
2.6891072459 3.3153646000 
3.4426498143 4.9650342800 
6.9344325600 1.6610601600 
- 
6.1059854000 4.2093128000 
3.8725595800 3.3153646000 
4.5604976000 5.6905876700 
4.5604976000 5.6905876700 
5.8571840500 4.2422865428 
4.2357179206 3.5807989209 
4.6548939742 6.8327683500 
4.6548939742 6.8327683500 
4.8028702969 4.8355797300 
2.6398364788 2.7532096348 
3.8355739863 2.3455976160 
4.2062197400 4.1489873221 
6.4004457600 6.0559053455 
5.8571840500 3.7301604023 
4.2357179206 4.0916122263 
2.1115548238 1.9556327318 
4.2062197400 6.5583804400 
2.5965158200 1.7725250900 
2.6891072459 3.3153646000 
5.0695512200 2.3811629800 
- 
4.6548939742 6.8327683500 
2.1115548238 1.9556327318 
3.5042810186 3.3153646000 
3.6841475055 2.3455976160 
2.6398364788 2.7532096348 
6.4004457600 6.0559053455 
4.5604976000 5.6905876700 
4.8028702969 4.8355797300 
4.2357179206 3.5807989209 
4.2414798435 2.3811629800 
2.6398364788 2.7532096348 
4.6548939742 6.8327683500 
5.8571840500 4.2422865428 
4.8028702969 4.8355797300 
4.7558697037 5.8700104549 
5.8571840500 3.7301604023 
5.8571840500 3.7732902982 
4.2357179206 4.0487945022 
4.2062197400 4.1489873221 
6.1059854000 4.2093128000 
- 
4.6548939742 6.8327683500 
2.1115548238 1.9556327318 
3.5862731224 2.3455976160 
4.7558697037 3.0072380906 
2.1115548238 1.9556327318 
3.5042810186 3.3153646000 
4.5604976000 5.6905876700 
4.8028702969 4.8355797300 
2.6398364788 2.7532096348 
5.8571840500 4.2422865428 
4.4432375656 3.8245689997 
2.6398364788 2.7532096348 
4.2414798435 2.3811629800 
5.8571840500 6.1718495941 
4.8028702969 4.8355797300 
4.6548939742 6.8327683500 
4.2357179206 3.5807989209 
4.7558697037 5.8700104549 
4.2357179206 4.0487945022 
6.2846508312 6.0559053455 
- 
2.1115548238 1.9556327318 
4.7373722878 6.8327683500 
2.4475546910 2.4273690972 
2.1115548238 1.9556327318 
5.5478641943 5.5043709639 
4.8028702969 4.8355797300 
3.5042810186 3.3153646000 
2.6398364788 2.7532096348 
4.7558697037 3.0072380906 
5.8571840500 6.1718495941 
3.1801130876 2.8521858419 
4.4432375656 3.8245689997 
4.6548939742 6.8327683500 
4.9103134026 4.5266885247 
4.7558697037 5.8700104549 
6.2073811204 3.3339123352 
4.1268839546 2.9430103653 
4.8282872171 6.1685482357 
4.6548939742 3.6132050689 
4.5335142468 4.0503673509 
- 
2.1115548238 1.9556327318 
4.7373722878 6.8327683500 
2.1115548238 1.9556327318 
2.4475546910 2.4273690972 
2.4475546910 2.4273690972 
2.6398364788 2.7532096348 
4.5335142468 4.0503673509 
4.7558697037 3.0072380906 
5.8571840500 6.1718495941 
4.8028702969 4.8355797300 
3.1801130876 2.8521858419 
4.9103134026 4.5266885247 
3.6629657672 3.3866171137 
4.6548939742 6.8327683500 
4.6548939742 3.6132050689 
3.5042810186 3.3153646000 
4.1268839546 2.9430103653 
4.9113210865 5.2056259154 
4.8028702969 5.1335307439 
4.8282872171 6.1685482357 
- 
2.1115548238 1.9556327318 
4.7373722878 6.8327683500 
2.3631974802 2.1306610746 
4.9113210865 5.2056259154 
2.6398364788 2.7532096348 
4.8282872171 6.1685482357 
4.9103134026 4.5266885247 
2.4475546910 2.3960472418 
4.6548939742 3.6132050689 
2.4475546910 2.4273690972 
3.5042810186 3.1282990127 
3.1801130876 2.8521858419 
4.6548939742 3.8006093084 
4.5335142468 4.0503673509 
4.1268839546 2.9430103653 
4.6548939742 6.8327683500 
3.6629657672 3.3866171137 
5.8571840500 6.1718495941 
2.1115548238 1.9905957754 
3.5042810186 3.3153646000 
- 
2.1115548238 1.9556327318 
4.7373722878 6.8327683500 
4.9113210865 5.2056259154 
2.3631974802 2.1306610746 
2.6398364788 2.7532096348 
4.8282872171 6.1685482357 
4.9103134026 4.5266885247 
2.4475546910 2.3960472418 
2.4475546910 2.4273690972 
3.4630907550 3.1282990127 
5.8571840500 6.1718495941 
3.1801130876 2.8521858419 
4.5882452749 3.8006093084 
4.6548939742 6.8327683500 
4.1268839546 2.9430103653 
4.5335142468 4.0503673509 
6.2866350006 4.1191496318 
4.6548939742 3.6132050689 
3.3833167304 3.6132050689 
2.1115548238 1.9905957754 
- 
2.1115548238 1.9556327318 
4.7373722878 6.8327683500 
4.9103134026 4.5266885247 
4.8282872171 6.1685482357 
4.9113210865 5.2056259154 
2.6398364788 2.7532096348 
3.4630907550 3.1282990127 
4.4360402768 3.4157453674 
2.4475546910 2.3960472418 
2.3631974802 2.1306610746 
4.9113210865 5.2056259154 
3.4630907550 2.4308116534 
4.5882452749 3.8006093084 
4.1268839546 2.9430103653 
4.6548939742 6.7688102224 
4.5335142468 4.0503673509 
2.1115548238 1.9905957754 
5.8571840500 6.1718495941 
2.3631974802 2.1306610746 
6.2866350006 4.1191496318 
- 
2.1115548238 1.9556327318 
4.7373722878 6.8327683500 
2.6398364788 2.7532096348 
3.4630907550 2.4308116534 
3.6403183474 3.4157453674 
4.9023565935 5.5918488249 
4.7373722878 4.6493985738 
4.5882452749 3.8006093084 
4.0562870144 3.6003100640 
4.8282872171 6.1685482357 
2.3631974802 2.3727563071 
2.4475546910 2.1548496064 
4.1268839546 2.9430103653 
5.0182480035 2.7532096348 
4.9113210865 5.2056259154 
6.2866350006 4.1191496318 
5.8571840500 6.1718495941 
4.6548939742 6.7688102224 
4.5335142468 4.0503673509 
2.1115548238 1.9905957754 
- 
2.1115548238 1.9556327318 
4.7373722878 6.8327683500 
2.6398364788 2.7532096348 
3.4630907550 2.4308116534 
3.6403183474 3.4157453674 
4.1268839546 2.9430103653 
4.6548939742 6.7688102224 
2.1115548238 1.9905957754 
4.5335142468 4.7881790930 
4.9760425685 6.1718495941 
4.9023565935 5.5918488249 
4.8282872171 6.1685482357 
2.3631974802 2.3727563071 
2.4475546910 2.1548496064 
4.5335142468 4.0503673509 
2.4475546910 2.1548496064 
4.7373722878 4.6493985738 
6.2866350006 4.1191496318 
4.9113210865 5.2056259154 
4.9023565935 5.5918488249 
- 
2.1115548238 1.9556327318 
4.7373722878 6.8327683500 
2.6398364788 2.7532096348 
4.5335142468 4.0503673509 
2.3587380465 2.1548496064 
3.6350377407 3.4315518621 
4.1268839546 2.9430103653 
3.6403183474 3.4157453674 
3.4630907550 2.4308116534 
4.7373722878 4.1476262870 
4.7373722878 4.6493985738 
4.6548939742 6.7688102224 
4.1309635862 2.9282855457 
2.1115548238 1.9905957754 
2.3631974802 2.3727563071 
4.9760425685 6.1718495941 
4.9023565935 5.5918488249 
4.8282872171 6.1685482357 
5.6481044096 4.7881790930 
5.7298925557 5.4065729267 
- 
4.7373722878 6.8327683500 
1.9838943515 1.9905957754 
4.5335142468 4.0503673509 
3.6350377407 3.4315518621 
5.6481044096 4.7881790930 
2.3631974802 2.3727563071 
5.6951482472 5.4065729267 
3.4630907550 2.4308116534 
4.8275578509 5.5918488249 
2.6398364788 2.7532096348 
4.7373722878 4.1476262870 
4.1309635862 2.9282855457 
2.6398364788 2.6876213124 
4.8282872171 6.1685482357 
2.3587380465 2.1548496064 
4.9760425685 6.1718495941 
4.7373722878 4.6493985738 
4.6548939742 6.7688102224 
3.9740100291 3.1160979247 
2.1115548238 1.9905957754 
- 
4.7373722878 6.8327683500 
2.1115548238 1.9179423439 
2.3587380465 2.1548496064 
5.3695914994 3.6157724712 
4.1309635862 2.9282855457 
2.8105578781 2.5748954294 
4.8275578509 5.5918488249 
4.1309635862 4.0719962745 
2.6398364788 2.7532096348 
2.3631974802 2.3727563071 
4.8282872171 6.1685482357 
4.7000952385 6.5634557237 
2.3631974802 2.3445645517 
3.9740100291 3.2203722703 
3.6350377407 3.4315518621 
2.1115548238 1.9905957754 
4.7373722878 4.6493985738 
6.0241905311 5.1369156581 
5.8309492453 3.4425603441 
5.6481044096 4.8067631758 
- 
4.7373722878 6.8327683500 
2.1115548238 1.9179423439 
4.1309635862 4.0719962745 
2.3587380465 2.1548496064 
2.6398364788 2.7532096348 
5.3695914994 3.6157724712 
3.9740100291 3.2203722703 
4.7373722878 4.6493985738 
2.1115548238 1.9905957754 
4.8275578509 5.5918488249 
5.6481044096 4.8067631758 
2.3650879335 2.3727563071 
4.8282872171 6.1685482357 
4.1309635862 2.9176848583 
2.3631974802 2.3445645517 
2.8105578781 2.5748954294 
5.6481044096 2.9374027143 
3.6350377407 3.4315518621 
5.8309492453 3.4425603441 
4.8282872171 6.1685482357 
- 
4.7373722878 6.8327683500 
2.1115548238 1.9179423439 
4.1309635862 4.0719962745 
2.9356510104 3.0225732890 
2.3587380465 2.1548496064 
5.6481044096 4.8067631758 
2.8105578781 2.5748954294 
4.8275578509 5.5918488249 
4.7373722878 4.6493985738 
4.8282872171 6.1685482357 
2.6398364788 2.7532096348 
2.3650879335 2.3727563071 
4.8275578509 5.5918488249 
4.8282872171 6.1685482357 
2.3631974802 2.3445645517 
5.3695914994 3.6157724712 
3.9740100291 3.2203722703 
2.1115548238 1.9905957754 
5.0068790026 3.4425603441 
3.6350377407 3.3241503238 
- 
4.7373722878 6.8327683500 
2.1115548238 1.9179423439 
2.3587380465 2.1548496064 
5.6481044096 4.8067631758 
2.6398364788 2.7532096348 
5.3695914994 3.6157724712 
2.9356510104 3.0225732890 
2.8105578781 2.5748954294 
4.1309635862 4.0719962745 
4.8275578509 5.5918488249 
4.8282872171 6.1685482357 
4.2098990911 3.4425603441 
4.9870342732 4.2105780291 
2.3631974802 2.3445645517 
2.5599276289 2.3727563071 
5.0118136309 3.0357488272 
2.1115548238 1.9905957754 
4.8275578509 4.5321416910 
3.6350377407 3.3241503238 
4.8281841842 5.8090994013 
- 
4.7373722878 6.8327683500 
2.1115548238 1.9179423439 
4.8282872171 6.1685482357 
2.3587380465 2.1548496064 
2.6398364788 2.7532096348 
2.9356510104 3.0225732890 
5.3695914994 3.6157724712 
5.6851415458 5.1144299075 
4.8275578509 4.5321416910 
2.1115548238 1.9905957754 
5.6481044096 4.8067631758 
5.0118136309 3.0357488272 
3.6350377407 3.3241503238 
4.8275578509 5.5918488249 
4.2098990911 3.4425603441 
4.9870342732 4.2105780291 
2.3631974802 2.3445645517 
4.8281841842 5.8090994013 
4.8282872171 3.9860419337 
2.8580130583 2.5237127837 
- 
4.7373722878 6.8327683500 
2.1115548238 1.9179423439 
2.8580130583 2.5237127837 
2.9356510104 2.7708852393 
2.3209033287 2.1548496064 
4.8282872171 6.1685482357 
5.3695914994 3.6157724712 
5.6851415458 5.1144299075 
2.9356510104 3.0225732890 
2.1115548238 1.9905957754 
4.8282872171 3.9860419337 
4.7895751787 6.7084558989 
4.8275578509 4.5321416910 
2.3631974802 2.3445645517 
2.3631974802 2.3445645517 
4.8275578509 5.5918488249 
5.0118136309 3.0357488272 
3.6350377407 3.3241503238 
4.8281841842 5.8090994013 
4.9870342732 4.2105780291 
- 
4.7373722878 6.8327683500 
2.1115548238 1.9179423439 
5.3695914994 3.6157724712 
3.6350377407 3.3241503238 
4.8282872171 6.1685482357 
4.7894412989 3.9860419337 
2.9356510104 3.0225732890 
2.1115548238 1.9905957754 
5.0118136309 3.0357488272 
4.9870342732 4.2105780291 
4.8275578509 5.5918488249 
4.8281841842 5.8090994013 
5.6548832411 5.1144299075 
2.8580130583 2.5237127837 
2.9356510104 2.7708852393 
4.7895751787 6.7084558989 
4.8281841842 4.9966577743 
2.3209033287 2.1548496064 
2.3631974802 2.3445645517 
4.8275578509 4.5321416910 
- 
4.7373722878 6.8327683500 
2.1115548238 1.9179423439 
3.6350377407 3.6704494160 
2.8580130583 2.5237127837 
2.3209033287 2.1548496064 
2.3631974802 2.3445645517 
3.6350377407 3.3241503238 
4.8275578509 4.5321416910 
2.1115548238 1.9905957754 
2.9356510104 3.0225732890 
4.8281841842 4.9966577743 
4.7895751787 6.7084558989 
4.8275578509 5.5918488249 
5.6548832411 5.1144299075 
4.8280797683 5.8090994013 
2.9356510104 2.7708852393 
4.7894412989 3.9860419337 
4.8282872171 6.1685482357 
2.9356510104 2.7743480816 
5.0118136309 3.0357488272 
- 
4.7373722878 6.8327683500 
2.1115548238 1.9179423439 
4.7894412989 3.9860419337 
2.8580130583 2.5237127837 
2.3209033287 2.1548496064 
2.3631974802 2.3445645517 
4.8257682374 6.1685482357 
4.8275578509 4.5321416910 
3.6350377407 3.3241503238 
4.8275578509 5.5918488249 
3.2795692122 3.2200818401 
5.3687924898 5.1144299075 
3.6350377407 3.6704494160 
2.9356510104 2.7708852393 
4.7895751787 6.7084558989 
4.1652988433 3.6704494160 
5.1217690990 4.6205452278 
2.1115548238 1.9905957754 
2.9356510104 3.0225732890 
2.9356510104 2.7743480816 
- 
4.7373722878 6.8327683500 
2.1115548238 1.9179423439 
2.8580130583 2.5237127837 
5.2736102361 5.1144299075 
4.7894412989 3.9860419337 
4.8275578509 4.5321416910 
4.8257682374 6.1685482357 
3.2795692122 3.2200818401 
4.7895751787 6.7084558989 
3.6350377407 3.6704494160 
2.3209033287 2.1548496064 
2.3631974802 2.3445645517 
4.8257682374 6.0259927694 
2.9356510104 2.7708852393 
3.6350377407 3.3241503238 
5.1217690990 4.6205452278 
3.6677776234 3.9860419337 
2.1115548238 1.9905957754 
4.8275578509 5.5918488249 
2.9356510104 3.0225732890 
- 
4.7373722878 6.8327683500 
2.1115548238 1.9179423439 
2.8580130583 2.5237127837 
2.9356510104 2.7708852393 
2.3476181544 2.3445645517 
5.2736102361 5.1144299075 
2.3209033287 2.1548496064 
2.9356510104 3.0225732890 
4.8275578509 5.5918488249 
4.8257682374 6.1685482357 
3.2795692122 3.2200818401 
5.1891811621 4.3484590414 
5.1217690990 4.6205452278 
4.7895751787 6.7084558989 
3.6350377407 3.3241503238 
4.8257682374 6.0259927694 
3.5175332206 3.5888102988 
3.6350377407 3.6704494160 
2.1115548238 2.0044975169 
4.7894412989 3.9860419337 
- 
4.7373722878 6.8327683500 
2.1115548238 1.9179423439 
2.3209033287 2.1548496064 
2.9356510104 3.0225732890 
5.1891811621 4.3484590414 
3.2795692122 3.2200818401 
4.8257682374 6.0259927694 
2.8580130583 2.5237127837 
2.9356510104 2.7708852393 
3.6350377407 3.6704494160 
4.7894412989 3.9860419337 
4.7373722878 6.6954612351 
5.2736102361 5.1144299075 
5.1217690990 4.6205452278 
4.8257682374 6.1685482357 
2.3476181544 2.3445645517 
2.8580130583 2.5237127837 
2.3476181544 2.3445645517 
3.5939960120 3.3241503238 
3.9436913523 4.1165639858 
- 
4.7373722878 6.8327683500 
2.1115548238 1.9179423439 
2.9356510104 2.7708852393 
5.2736102361 5.1144299075 
2.3209033287 2.1548496064 
4.8257682374 6.0259927694 
3.6350377407 3.6704494160 
5.1217690990 4.6205452278 
2.9356510104 3.0225732890 
2.3209033287 2.0142774674 
5.1891811621 4.3484590414 
4.8257682374 6.1685482357 
2.8580130583 2.5237127837 
3.5939960120 3.3241503238 
4.8257682374 3.8213719126 
4.7838782108 5.1144299075 
4.7373722878 6.6954612351 
2.3476181544 2.3445645517 
2.9994730836 2.4489651040 
3.6350377407 3.1180867873 
- 
4.7373722878 6.8327683500 
2.1115548238 1.9179423439 
2.9356510104 2.7708852393 
4.7933273703 3.8213719126 
5.1891811621 5.9432514940 
4.8163080849 5.1144299075 
2.3476181544 2.3445645517 
5.1891811621 4.3484590414 
4.8257682374 6.1685482357 
4.7373722878 6.6954612351 
2.8580130583 2.5237127837 
3.6350377407 3.6704494160 
3.5939960120 3.3241503238 
2.3209033287 2.1548496064 
5.2736102361 4.6949370955 
2.7849656220 2.4489651040 
3.6350377407 3.1180867873 
2.9356510104 3.0225732890 
4.7838782108 5.1144299075 
2.3209033287 2.1548496064 
- 
4.7373722878 6.8327683500 
2.1115548238 1.9179423439 
5.1891811621 4.3484590414 
5.1891811621 5.9432514940 
4.8163080849 5.1144299075 
2.3476181544 2.3445645517 
5.2736102361 4.6949370955 
2.1115548238 1.9179423439 
2.3209033287 2.1548496064 
4.7933273703 3.8213719126 
2.9356510104 2.7708852393 
2.8580130583 2.5237127837 
3.3409051747 3.3558187290 
3.6350377407 3.6704494160 
4.8257682374 6.1685482357 
4.7373722878 6.6954612351 
2.3209033287 2.1548496064 
2.7849656220 2.4489651040 
2.9356510104 2.7708852393 
2.9356510104 3.0225732890 
- 
2.1115548238 1.9179423439 
4.6621902093 6.8523513629 
2.2428490814 2.1655813930 
2.8706465633 2.7708852393 
3.3409051747 3.3558187290 
4.8994446445 5.5523421778 
4.8163080849 5.1144299075 
5.2736102361 4.6949370955 
2.3476181544 2.3445645517 
2.8580130583 2.5237127837 
2.1115548238 1.9179423439 
4.8257682374 6.1685482357 
5.1891811621 4.3484590414 
4.7933273703 3.8213719126 
3.3894119796 3.0225732890 
4.7373722878 6.6954612351 
2.9356510104 3.0225732890 
3.6350377407 3.6032064023 
2.7849656220 2.4489651040 
5.1891811621 5.9432514940 
- 
2.1115548238 1.9179423439 
4.6621902093 6.8523513629 
2.2428490814 2.1655813930 
2.8706465633 2.7708852393 
3.6350377407 3.6032064023 
2.3476181544 2.3445645517 
2.8580130583 2.5237127837 
2.1115548238 1.9179423439 
4.8257682374 6.1685482357 
5.1891811621 4.3484590414 
4.7933273703 3.8213719126 
4.7373722878 6.6954612351 
3.5818999333 3.1571034395 
2.9356510104 3.0225732890 
2.7849656220 2.4489651040 
4.8994446445 5.5523421778 
4.8163080849 5.1144299075 
3.3409051747 3.3558187290 
4.4061821216 5.9432514940 
4.8163080849 5.1144299075 
- 
2.1115548238 1.9179423439 
4.6621902093 6.8523513629 
4.7933273703 3.8213719126 
2.9356510104 3.0225732890 
2.3476181544 2.3445645517 
3.6350377407 3.6032064023 
2.3476181544 2.0895407276 
5.1891811621 4.3484590414 
3.5818999333 3.1571034395 
4.7373722878 6.6954612351 
4.8994446445 4.6962460137 
2.8706465633 2.7708852393 
2.8580130583 2.5237127837 
4.7533382429 5.8096972361 
2.1115548238 1.9179423439 
4.8257682374 6.1685482357 
2.7849656220 2.4489651040 
2.2428490814 2.1655813930 
2.9356510104 2.7860398237 
4.5167435567 5.4305720104 
- 
2.1115548238 1.9179423439 
4.6621902093 6.8523513629 
3.6350377407 3.6032064023 
3.5818999333 3.1571034395 
4.8994446445 4.6962460137 
2.3476181544 2.3445645517 
4.1351887606 5.2357579408 
2.3476181544 2.0895407276 
2.2428490814 2.1655813930 
5.2432008361 4.2300754472 
4.7373722878 6.6954612351 
4.5167435567 5.4305720104 
2.8706465633 2.7708852393 
2.8580130583 2.5237127837 
4.7160362266 3.8432757612 
2.1115548238 1.9179423439 
4.8257682374 6.1685482357 
2.9356510104 3.0225732890 
5.1891811621 4.3484590414 
2.7849656220 2.4489651040 
- 
2.1115548238 1.9179423439 
5.1120860642 6.8523513629 
3.6339849619 3.6032064023 
3.5818999333 3.1571034395 
2.8581135803 2.7708852393 
4.5167435567 5.4305720104 
4.8257682374 6.1685482357 
2.8580130583 2.5237127837 
5.2432008361 4.2300754472 
4.7160362266 3.8432757612 
2.1115548238 1.9179423439 
2.3476181544 2.0895407276 
4.7373722878 6.6954612351 
4.8257682374 6.1685482357 
2.3476181544 2.3445645517 
2.2428490814 2.1655813930 
4.8994446445 4.6962460137 
4.1351887606 5.2357579408 
2.9356510104 3.0225732890 
4.7160362266 3.8432757612 
- 
2.1115548238 1.9179423439 
5.1120860642 6.8523513629 
4.8243105212 6.1685482357 
3.6339849619 3.6032064023 
4.5167435567 5.4305720104 
3.5818999333 3.1571034395 
2.8580130583 2.5237127837 
2.8581135803 2.7708852393 
2.3476181544 2.0895407276 
4.8994446445 4.6962460137 
4.5705293817 5.0397720093 
5.2432008361 4.2300754472 
4.7160362266 3.8432757612 
2.1115548238 1.9179423439 
4.7373722878 6.6954612351 
5.2432008361 4.2300754472 
2.3476181544 2.3445645517 
2.3476181544 2.3445645517 
2.2428490814 2.1655813930 
2.9356510104 3.0225732890 
- 
2.1115548238 1.9179423439 
5.1120860642 6.8523513629 
3.5818999333 3.1571034395 
2.8580902844 2.7708852393 
4.7160362266 3.8432757612 
4.5167435567 5.4305720104 
4.8994446445 4.6962460137 
2.9356510104 3.0225732890 
4.8243105212 6.1685482357 
3.6339849619 3.6032064023 
2.3476181544 2.0895407276 
2.2428490814 2.1655813930 
2.8580130583 2.5237127837 
5.2432008361 4.2300754472 
2.1115548238 1.9179423439 
4.6770017476 6.6954612351 
4.8243105212 6.1685482357 
5.2432008361 4.2300754472 
2.9356510104 2.4797542845 
2.3476181544 2.3445645517 
- 
2.1115548238 1.9179423439 
5.1120860642 6.8523513629 
4.5167435567 5.4305720104 
3.6339849619 3.6032064023 
4.7160362266 3.8432757612 
4.5167435567 5.9187873133 
3.5818999333 3.1571034395 
4.8994446445 4.6962460137 
2.8580902844 2.7708852393 
2.8580130583 2.5237127837 
5.2432008361 4.2300754472 
4.6770017476 6.6954612351 
2.1115548238 1.9179423439 
2.3476181544 2.0895407276 
4.8243105212 6.1685482357 
4.8994446445 4.6962460137 
5.2432008361 4.2300754472 
2.2428490814 2.1655813930 
2.3476181544 2.3445645517 
2.8580902844 2.7708852393 
- 
2.1115548238 1.9179423439 
5.1120860642 6.8523513629 
3.5818999333 3.1571034395 
2.8580130583 2.5237127837 
4.4961119780 2.9011533821 
3.6339849619 3.6032064023 
2.3476181544 2.3445645517 
4.6770017476 6.6954612351 
2.8580902844 2.7708852393 
3.9179566546 4.0697363959 
2.1115548238 1.9179423439 
2.3476181544 2.0895407276 
4.7357547956 6.3036893319 
4.8994446445 4.6962460137 
5.2432008361 4.2300754472 
2.7812574396 2.3953766196 
2.2428490814 2.1655813930 
4.9584441128 5.0120966580 
4.5530930582 3.7804350677 
2.8580902844 2.7744379679 
- 
2.1115548238 1.9179423439 
5.1120860642 6.8523513629 
6.2142841200 5.5776987761 
3.5818999333 3.1571034395 
4.9584441128 5.0120966580 
5.2432008361 4.2300754472 
3.6339849619 3.6032064023 
2.3476181544 2.0895407276 
2.2428490814 2.1655813930 
2.3476181544 2.3445645517 
4.5530930582 3.7804350677 
3.9179566546 4.0697363959 
4.7357547956 6.3036893319 
4.6770017476 6.6954612351 
3.4589135023 2.5442034757 
2.1115548238 1.9179423439 
4.8994446445 4.6962460137 
2.7812574396 2.3953766196 
2.8580902844 2.7708852393 
4.4961119780 2.9011533821 
- 
5.1120860642 6.8523513629 
1.9777727680 1.5683951004 
2.1115548238 1.9179423439 
3.4589135023 2.5442034757 
4.9584441128 5.0120966580 
6.2142841200 5.5776987761 
4.7234377713 6.3036893319 
6.2142841200 5.5776987761 
4.5530930582 3.7804350677 
3.9179566546 4.0697363959 
2.3476181544 2.0895407276 
4.8994446445 3.3554482551 
5.2432008361 4.2300754472 
3.6339849619 3.6032064023 
3.6341381088 2.9658330817 
2.8580902844 2.7708852393 
4.8994446445 4.6962460137 
2.7812574396 2.3953766196 
4.5944381180 4.5096072852 
2.1115548238 1.9179423439 
- 
5.1120860642 6.8523513629 
1.9777727680 1.5683951004 
4.7234377713 6.3036893319 
3.0987352613 2.9658330817 
2.3476181544 2.0895407276 
4.8994446445 3.3554482551 
2.1115548238 1.9179423439 
4.6637468958 5.6302727770 
2.8580902844 2.7708852393 
2.4193236841 2.3943694813 
3.4589135023 2.5442034757 
4.6336280864 5.5596513131 
4.3240676212 4.2300754472 
3.6339849619 3.6032064023 
4.5944381180 4.5096072852 
4.5944381180 5.0549551881 
2.1115548238 1.9179423439 
3.9179566546 4.0697363959 
4.5530930582 3.7804350677 
2.3647159386 2.5015325995 
- 
1.9777727680 1.5683951004 
4.7234377713 6.9935899693 
4.7234377713 6.3036893319 
3.0987352613 2.9658330817 
2.1115548238 1.9179423439 
4.8994446445 3.3554482551 
2.3476181544 2.0895407276 
2.4193236841 2.3943694813 
5.1120860642 6.8523513629 
4.6637468958 5.6302727770 
3.4589135023 2.5442034757 
4.6336280864 5.5596513131 
4.5944381180 4.5096072852 
4.5944381180 5.0549551881 
4.5944381180 5.0549551881 
2.3476181544 2.0895407276 
2.1115548238 1.9179423439 
2.8580902844 2.7708852393 
2.8580902844 2.7708852393 
4.3240676212 4.2300754472 
- 
1.9777727680 1.5683951004 
4.7234377713 6.9935899693 
4.8994446445 3.3554482551 
2.1115548238 1.7708849724 
3.0987352613 2.9658330817 
4.6637468958 5.6302727770 
5.9086520713 3.9267792874 
2.2388052515 2.2262511639 
4.7234377713 6.3036893319 
4.5944381180 4.5096072852 
3.4589135023 2.5442034757 
4.6637468958 6.6699691765 
4.5944381180 5.0549551881 
2.4193236841 2.3943694813 
4.6336280864 3.6519943873 
4.6336280864 5.5596513131 
4.5944381180 5.1104847168 
4.2615524415 4.2300754472 
2.1115548238 1.9179423439 
2.3476181544 2.0895407276 
- 
1.9777727680 1.5683951004 
4.7234377713 6.9935899693 
3.0987352613 2.9658330817 
4.7234377713 6.3036893319 
2.1115548238 1.7708849724 
4.8994446445 3.3554482551 
2.1115548238 1.9179423439 
2.4193236841 2.3943694813 
3.4589135023 2.5442034757 
4.6637468958 5.6302727770 
2.3476181544 2.0895407276 
5.9086520713 3.9267792874 
2.2388052515 2.2262511639 
4.3279110962 4.9310826718 
4.5944381180 4.5096072852 
4.7234377713 5.2317021333 
4.6336280864 3.6519943873 
4.2615524415 4.2300754472 
4.7234377713 3.3961015660 
3.4589135023 2.5442034757 
- 
1.9777727680 1.5683951004 
4.7234377713 6.9935899693 
4.7234377713 6.3036893319 
4.6637468958 5.6302727770 
3.0987352613 2.9658330817 
2.1115548238 1.7708849724 
4.6336280864 3.6519943873 
3.4589135023 2.5442034757 
2.3476181544 2.0895407276 
5.9086520713 3.9267792874 
4.7234377713 6.9935899693 
4.2615524415 4.2300754472 
1.9777727680 1.5683951004 
3.5508678076 3.1855967148 
2.1115548238 1.9229530988 
4.8994446445 3.3554482551 
4.3279110962 4.9310826718 
4.5944381180 4.5096072852 
4.7234377713 3.3961015660 
3.6663594369 3.0909738744 
- 
1.9777727680 1.5683951004 
4.7234377713 6.9935899693 
3.3685386663 2.5442034757 
4.6637468958 5.6302727770 
4.3279110962 4.9310826718 
2.3476181544 2.0895407276 
3.0987352613 2.9658330817 
2.1115548238 1.7708849724 
4.6336280864 3.6519943873 
2.1115548238 1.9229530988 
4.7234377713 6.3036893319 
4.7234377713 6.9935899693 
4.6743335477 6.3036893319 
1.9777727680 1.5683951004 
4.5944381180 4.5096072852 
3.5508678076 3.1855967148 
5.9086520713 3.9267792874 
2.3476181544 2.0895407276 
4.8994446445 3.3554482551 
4.7234377713 3.3961015660 
- 
1.9777727680 1.5683951004 
5.3059072400 6.9935899693 
3.3685386663 2.5442034757 
4.6637468958 5.6302727770 
3.0987352613 2.9658330817 
4.3279110962 4.9310826718 
2.3476181544 2.0895407276 
2.1115548238 1.7708849724 
2.1115548238 1.9229530988 
4.6743335477 6.3036893319 
4.7234377713 6.6943910347 
4.6336280864 3.6519943873 
4.1797799566 4.4632869781 
1.9777727680 1.5683951004 
5.9086520713 3.9267792874 
5.9086520713 3.9267792874 
2.3476181544 2.0895407276 
4.5383276228 3.3554482551 
4.5944381180 4.5096072852 
3.5508678076 3.1855967148 
- 
1.9777727680 1.5683951004 
5.3059072400 6.9935899693 
4.3279110962 4.9310826718 
3.3685386663 2.5442034757 
2.3476181544 2.0895407276 
4.6743335477 6.3036893319 
3.0987352613 2.9658330817 
2.1115548238 1.7708849724 
4.6336280864 3.6519943873 
4.5376067934 3.3554482551 
4.6425698487 2.5817592387 
4.6637468958 5.6302727770 
3.5508678076 3.1855967148 
4.6637468958 5.6302727770 
2.1115548238 1.9229530988 
4.1797799566 4.4632869781 
1.9777727680 1.5683951004 
4.5944381180 4.5096072852 
5.9086520713 3.9267792874 
5.9086520713 3.9267792874 
- 
1.9777727680 1.5683951004 
5.3059072400 6.9935899693 
2.3476181544 2.0895407276 
4.6743335477 6.3036893319 
3.3685386663 2.5391114705 
3.0987352613 2.9658330817 
2.1115548238 1.7708849724 
4.6052504852 3.6519943873 
2.1115548238 1.9229530988 
4.5376067934 3.3554482551 
4.6113138210 2.5817592387 
4.3279110962 4.9310826718 
4.6637468958 5.6302727770 
3.5508678076 3.1855967148 
4.6948627005 5.6302727770 
4.1797799566 4.4632869781 
1.9777727680 1.5683951004 
4.5944381180 4.5096072852 
5.9086520713 3.9267792874 
5.9086520713 3.9267792874 
- 
1.9777727680 1.5683951004 
5.3059072400 6.9935899693 
3.0926048620 2.5391114705 
2.3476181544 2.0895407276 
2.1115548238 1.9229530988 
4.5376067934 3.3554482551 
4.6358075739 4.9310826718 
3.5508678076 3.1855967148 
5.3059072400 6.9935899693 
4.6743335477 6.3036893319 
4.6637468958 5.6302727770 
3.0987352613 2.9658330817 
4.6637468958 5.8023033011 
3.5508678076 2.7939469458 
4.1797799566 4.4632869781 
1.9777727680 1.5683951004 
2.1115548238 1.7708849724 
4.3018440018 2.5817592387 
4.5944381180 4.5096072852 
4.6743335477 6.3036893319 
- 
5.3059072400 6.9935899693 
1.9325056038 1.5683951004 
2.3476181544 2.0895407276 
3.9734009227 4.1066933420 
3.0926048620 2.5391114705 
4.5376067934 3.3554482551 
2.1115548238 1.7708849724 
4.6637468958 5.6302727770 
4.6358075739 4.9310826718 
2.1115548238 1.9229530988 
3.0987352613 2.9658330817 
4.6637468958 5.8023033011 
5.2366846031 6.3689247069 
4.6076113622 6.9935899693 
3.5508678076 2.7939469458 
4.3018440018 2.5817592387 
3.5508678076 3.1855967148 
4.2721453983 4.4632869781 
4.6743335477 6.3036893319 
4.6358075739 4.8275581286 
- 
5.3059072400 6.9935899693 
1.9325056038 1.5683951004 
2.3476181544 2.0895407276 
3.9734009227 4.1066933420 
4.5376067934 3.3554482551 
3.0926048620 2.5391114705 
2.1115548238 1.9229530988 
4.6358075739 5.4068425443 
3.0987352613 2.9658330817 
4.6743335477 6.3036893319 
4.6637468958 5.8023033011 
4.6358075739 4.9310826718 
2.1115548238 1.7708849724 
4.6358075739 4.8275581286 
3.0926048620 2.7410644175 
4.2721453983 4.4632869781 
4.2721453983 4.4632869781 
3.5508678076 2.7939469458 
3.5508678076 3.1855967148 
3.7261923696 2.5512321117 
- 
5.3059072400 6.9935899693 
1.9325056038 1.5683951004 
3.9734009227 4.1066933420 
2.3476181544 2.0895407276 
3.5508678076 3.3856154338 
3.7261923696 2.3652378685 
2.1115548238 1.7708849724 
2.1115548238 1.9229530988 
4.6358075739 6.3694129873 
4.6637468958 5.8023033011 
3.5508678076 3.1855967148 
4.6358075739 4.8275581286 
4.6358075739 5.4068425443 
4.6743335477 6.3036893319 
4.6358075739 5.1029661113 
4.2721453983 4.4632869781 
4.2721453983 4.4632869781 
3.0987352613 2.9658330817 
4.6637468958 5.6127668129 
3.0926048620 2.5391114705 
- 
5.3059072400 6.9935899693 
1.9325056038 1.5683951004 
3.5508678076 3.3856154338 
3.0987352613 2.9658330817 
3.0926048620 2.5391114705 
3.5716617501 2.3652378685 
3.9734009227 4.1066933420 
2.3476181544 2.0895407276 
3.5508678076 3.1855967148 
4.6358075739 6.3694129873 
2.1115548238 1.7708849724 
4.6637468958 5.8023033011 
4.6743335477 6.3036893319 
3.9734009227 4.1066933420 
4.2721453983 4.4632869781 
2.3476181544 2.0895407276 
2.1115548238 1.9229530988 
5.0198471014 4.7084390809 
2.1115548238 1.7708849724 
2.1115548238 1.9229530988 
- 
5.3059072400 6.9935899693 
1.9325056038 1.5683951004 
5.0198471014 5.2881639830 
4.3407427655 3.7959219450 
3.0987352613 2.9658330817 
5.0198471014 4.7084390809 
3.7011308293 2.5480899696 
2.9648351456 2.3567343673 
4.6358075739 6.3694129873 
3.5508678076 3.3856154338 
5.3059072400 6.9935899693 
2.3476181544 2.0895407276 
4.6637468958 5.8023033011 
1.9325056038 1.5683951004 
2.1115548238 1.7708849724 
3.5508678076 3.1855967148 
4.6358075739 5.9105194417 
3.9734009227 4.1066933420 
4.2721453983 4.4632869781 
2.3476181544 2.0895407276 
- 
5.3059072400 6.9935899693 
1.9325056038 1.5683951004 
2.9648351456 2.3567343673 
3.7011308293 2.5480899696 
4.3407427655 3.7959219450 
3.5508678076 3.3856154338 
4.6358075739 6.3694129873 
2.3476181544 2.0895407276 
2.1115548238 1.7708849724 
5.0198471014 5.2881639830 
4.1591029966 4.1066933420 
3.2004272960 2.8911445879 
5.3059072400 6.7859883108 
2.3476181544 2.0895407276 
5.0198471014 4.7084390809 
5.8805120052 4.9483278268 
4.6358075739 5.9105194417 
1.9325056038 1.5683951004 
2.1115548238 1.7708849724 
3.0987352613 2.9658330817 
- 
5.3059072400 6.9935899693 
1.9325056038 1.5683951004 
3.7011308293 2.5480899696 
4.6358075739 6.3694129873 
2.1115548238 1.7744322558 
2.3476181544 2.0895407276 
3.0987352613 2.9924810076 
5.0198471014 4.6371174978 
3.5508678076 3.3856154338 
2.9648351456 2.3567343673 
2.3476181544 2.0895407276 
4.1069850313 4.1267410497 
4.3407427655 3.7959219450 
3.5508678076 3.3856154338 
3.2504164652 2.8711241571 
5.0198471014 5.2881639830 
4.6358075739 5.9105194417 
1.9325056038 1.5683951004 
2.1115548238 1.7708849724 
2.9648351456 2.3567343673 
- 
5.3059072400 6.9935899693 
1.9325056038 1.5683951004 
5.0198471014 5.2881639830 
2.8814595364 2.3567343673 
4.6358075739 5.9105194417 
5.0198471014 4.6371174978 
3.0559939370 2.9924810076 
2.1115548238 1.7744322558 
2.3476181544 2.0895407276 
3.7011308293 2.5480899696 
4.1069850313 4.1267410497 
4.6358075739 6.3694129873 
3.5508678076 3.3856154338 
2.1115548238 2.1648112258 
5.0198471014 4.3678622813 
5.3059072400 3.4841980688 
4.1069850313 2.6969315666 
2.1115548238 1.7708849724 
1.9325056038 1.5683951004 
4.4159081348 6.3173308627 
- 
5.3059072400 6.9935899693 
1.9325056038 1.5683951004 
4.1069850313 4.1267410497 
5.0198471014 4.6371174978 
2.3476181544 2.0895407276 
2.1115548238 1.7744322558 
3.7011308293 2.5480899696 
5.3059072400 3.4841980688 
4.6358075739 6.3694129873 
5.0198471014 5.2881639830 
3.0559939370 2.9924810076 
3.5508678076 3.3856154338 
5.3059072400 6.9935899693 
4.5766939851 5.9105194417 
5.0198471014 5.2881639830 
1.9325056038 1.5683951004 
2.1115548238 1.7708849724 
2.8814595364 2.3567343673 
2.1115548238 2.1648112258 
2.8814595364 2.3567343673 
- 
5.3059072400 6.9935899693 
1.9325056038 1.5683951004 
3.0559939370 2.9924810076 
4.9702599592 4.6371174978 
3.7011308293 2.5480899696 
5.3059072400 3.4841980688 
3.5508678076 3.3856154338 
2.5752604048 2.3567343673 
2.1115548238 1.7806228029 
2.3476181544 2.0855372733 
4.6358075739 6.3694129873 
4.1069850313 4.1267410497 
5.0198471014 5.2881639830 
5.3059072400 6.9935899693 
4.1437318955 4.1267410497 
2.4195718253 2.1648112258 
5.0198471014 5.3004596159 
4.5766939851 5.9105194417 
1.9325056038 1.5683951004 
2.1115548238 1.7708849724 
- 
5.3059072400 6.9935899693 
1.9325056038 1.5683951004 
3.7011308293 2.5480899696 
5.3059072400 3.4841980688 
2.1115548238 1.8902565047 
3.0559939370 2.9924810076 
4.1069850313 4.1267410497 
4.5766939851 5.9105194417 
5.1430563477 5.1254379639 
3.7011308293 3.1701053320 
5.3059072400 6.9935899693 
4.6358075739 6.3694129873 
4.9702599592 4.6371174978 
4.1437318955 4.1267410497 
2.1115548238 1.7708849724 
1.9325056038 1.5683951004 
4.9702599592 4.6371174978 
2.3476181544 2.0855372733 
2.5752604048 2.3567343673 
4.6358075739 6.3694129873 
- 
5.3059072400 6.9935899700 
1.9325056000 1.6993372358 
3.0559939400 2.6379806896 
2.5752604000 2.3567343700 
2.3476181500 2.0855372700 
3.0559939400 2.9924810100 
2.1115548200 1.8902565000 
5.3059072400 3.4841980700 
3.7011308300 3.6926472304 
4.5766939900 5.9105194400 
4.7550935293 6.9935899700 
3.7011308300 3.1701053300 
4.6358075700 6.3694129900 
4.4886373386 4.6371175000 
4.6235193286 4.1267410500 
4.1069850300 4.1267410500 
2.1115548200 1.7708849700 
5.1430563500 5.1254379600 
4.9702599600 4.6371175000 
4.6358075700 6.3694129900 
- 
1.9325056000 1.6993372358 
5.3059072400 6.9935899700 
3.0559939400 2.6379806896 
2.5752604000 2.3567343700 
5.1430563500 5.1254379600 
4.5766939900 5.8403325498 
3.0559939400 2.9924810100 
4.5415580373 3.3007714094 
2.3476181500 2.0855372700 
4.5828183883 6.6845223614 
4.6235193286 4.1267410500 
4.4886373386 4.6371175000 
5.1430563500 3.8931396159 
2.1115548200 1.7708849700 
2.1115548200 1.8902565000 
2.3476181500 2.0855372700 
4.5766939900 5.9105194400 
3.7011308300 3.6094642122 
5.0066837333 4.6371175000 
3.7011308300 3.6926472304 
- 
1.9325056000 1.6993372358 
5.3059072400 6.9935899700 
4.5828183883 6.6845223614 
4.5766939900 5.9105194400 
4.6235193286 4.1267410500 
3.0559939400 2.6379806896 
3.0559939400 2.9924810100 
2.3476181500 2.0863934709 
2.5752604000 2.3567343700 
3.0559939400 2.6379806896 
2.5752604000 2.3567343700 
3.0559939400 2.9924810100 
4.5415580373 3.3007714094 
5.1430563500 3.8931396159 
4.4886373386 4.6371175000 
2.1115548200 1.7708849700 
2.1115548200 1.8902565000 
2.3476181500 2.0855372700 
3.7011308300 3.6094642122 
4.4851380028 5.1594608234 
- 
1.9325056000 1.6993372358 
5.3059072400 6.9935899700 
4.5766939900 5.9105194400 
4.4886373386 4.6371175000 
4.5415580373 3.3007714094 
2.1115548200 1.8902565000 
4.5828183883 6.6845223614 
4.5828183883 5.4959586438 
5.1430563500 3.8931396159 
2.6132447787 2.7574405258 
2.3476181500 2.0863934709 
2.5752604000 2.3567343700 
5.1430563500 3.0081245068 
3.0559939400 2.9924810100 
4.5415580373 4.1827241483 
2.3476181500 2.4577486235 
2.1115548200 1.7708849700 
2.2290163389 2.0855372700 
4.4851380028 5.1594608234 
3.0197178115 2.5929770916 
- 
1.9325056000 1.6993372358 
5.3059072400 6.9935899700 
4.5415580373 3.3007714094 
5.1430563500 3.8931396159 
4.4851380028 5.1594608234 
4.5828183883 6.6845223614 
4.5828183883 5.4959586438 
4.5439550931 5.9641256201 
2.5752604000 2.3567343700 
2.3476181500 2.0863934709 
3.0197178115 2.5929770916 
3.0197178115 3.1316513419 
3.0559939400 2.9924810100 
2.6132447787 2.7574405258 
4.4886373386 4.6371175000 
2.1115548200 1.8902565000 
2.2290163389 2.0855372700 
4.5766939900 5.9105194400 
4.5415580373 3.3007714094 
2.3476181500 2.4577486235 
- 
1.9325056000 1.6993372358 
5.3059072400 6.9935899700 
4.4886373386 4.6371175000 
2.1115548200 1.8902565000 
5.1430563500 3.8931396159 
3.0197178115 2.6784911130 
4.5828183883 6.5335487582 
2.5752604000 2.3567343700 
2.3476181500 2.0863934709 
5.1430563500 3.4517773233 
3.0197178115 2.5929770916 
4.5415580373 3.7419204746 
4.5439550931 5.9641256201 
3.0559939400 2.9924810100 
2.3476181500 2.4577486235 
4.5828183883 5.4959586438 
1.9325056000 1.6993372358 
2.2290163389 2.0855372700 
4.4851380028 5.0922172670 
4.5828183883 6.6845223614 
- 
1.9325056000 1.6993372358 
5.3059072400 6.9935899700 
3.0559939400 2.9924810100 
5.1430563500 3.8931396159 
4.5439550931 5.9641256201 
4.5828183883 3.2748497051 
4.5828183883 5.4959586438 
4.4886373386 4.6371175000 
2.5752604000 2.3567343700 
3.0197178115 2.6784911130 
4.5828183883 6.5335487582 
2.3476181500 2.0863934709 
3.0197178115 2.5929770916 
2.3476181500 2.4577486235 
1.9325056000 1.7109287813 
2.2290163389 2.0774562689 
4.5415580373 3.7419204746 
2.1115548200 1.8902565000 
2.1115548200 1.8902565000 
4.4886373386 4.6371175000 
- 
1.9325056000 1.6993372358 
5.3059072400 6.9935899700 
3.0559939400 2.9924810100 
4.5828183883 6.5335487582 
4.5415580373 3.7419204746 
4.5828183883 5.4959586438 
4.4886373386 4.6371175000 
5.3153546967 3.9031073102 
3.0100873254 2.6784911130 
4.4886373386 4.6371175000 
2.3476181500 2.0863934709 
4.5828183883 3.2748497051 
2.5752604000 2.3567343700 
4.5828183883 3.2748497051 
4.5439550931 5.9641256201 
1.9467832702 1.7191864925 
2.2162792970 2.0723657050 
2.1115548200 1.8902565000 
2.1115548200 1.8902565000 
4.5439550931 5.9641256201 
- 
1.9325056000 1.6993372358 
5.3059072400 6.9935899700 
3.0100873254 2.6784911130 
4.5828183883 5.4959586438 
4.5415580373 3.7419204746 
4.4886373386 4.6371175000 
4.4886373386 4.6371175000 
5.3153546967 3.9031073102 
2.5752604000 2.3567343700 
4.5828183883 3.2748497051 
2.3476181500 2.0863934709 
2.5752604000 2.3567343700 
3.0559939400 2.9924810100 
4.5593050860 3.0758826402 
4.5828183883 6.5335487582 
4.5439550931 5.9641256201 
5.3059072400 6.9935899700 
4.5828183883 6.5335487582 
2.2162792970 2.0723657050 
2.1115548200 1.8902565000 
- 
1.9325056000 1.6993372358 
5.3059072400 6.9935899700 
4.5828183883 5.4959586438 
3.0100873254 2.6784911130 
4.5415580373 3.7419204746 
4.4886373386 4.6371175000 
3.0559939400 2.9924810100 
4.4955187447 3.9527922178 
4.5346586942 4.4219506876 
2.5752604000 2.3567343700 
4.5828183883 3.3021539313 
2.3476181500 2.0863934709 
2.5752604000 2.3395030501 
4.5593050860 3.0758826402 
5.0188590444 6.2120817632 
2.0396802506 1.8902565000 
2.2162792970 2.0723657050 
2.1115548200 1.8902565000 
4.5439550931 5.9641256201 
4.5828183883 6.8950517640 
- 
1.9325056000 1.6993372358 
5.3059072400 6.9935899700 
4.2306993708 3.3021539313 
4.4886373386 4.6371175000 
4.5415580373 3.7419204746 
4.5391169646 5.4388379594 
2.5752604000 2.3567343700 
3.0100873254 2.6784911130 
2.3476181500 2.0863934709 
2.5752604000 2.3395030501 
5.0188590444 6.2120817632 
4.5828183883 6.8950517640 
3.2283236132 3.0758826402 
3.0559939400 2.9924810100 
3.0100873254 2.6784911130 
4.6885129909 4.0067681451 
2.0396802506 1.8902565000 
2.2162792970 2.0723657050 
2.1115548200 1.8902565000 
4.5346586942 4.4219506876 
- 
1.9325056000 1.6993372358 
5.3059072400 6.9935899700 
4.2306993708 3.3021539313 
4.4886373386 4.6371175000 
4.5391169646 5.4388379594 
4.5828183883 6.1250426250 
2.5752604000 2.3567343700 
3.0100873254 2.6784911130 
5.0188590444 6.2120817632 
4.5409050011 5.4388379594 
4.2306993708 3.7414290889 
5.0188590444 6.8374298791 
2.3476181500 2.2247001091 
3.0559939400 2.9924810100 
3.0100873254 2.6784911130 
2.0396802506 1.8902565000 
1.9325056000 1.6993372358 
2.2162792970 2.0723657050 
2.1115548200 1.8902565000 
4.5346586942 4.4219506876 
- 
1.9325056000 1.6993372358 
5.3059072400 6.9935899700 
4.2306993708 3.7414290889 
4.5346586942 4.4219506876 
4.5409050011 5.1074384627 
2.5752604000 2.3567343700 
3.0100873254 2.6784911130 
4.5409050011 5.4388379594 
4.5828183883 6.1250426250 
4.2306993708 3.3021539313 
3.0559939400 2.9924810100 
4.2306993708 3.3021539313 
5.0188590444 6.3786311496 
3.0559939400 2.9924810100 
3.0100873254 2.6784911130 
5.0188590444 6.8374298791 
2.0396802506 1.8902565000 
1.9325056000 1.6993372358 
2.1115548200 1.8902565000 
2.2162792970 2.0723657050 
- 
1.9325056000 1.6993372358 
5.3059072400 6.9935899700 
2.5752604000 2.3567343700 
4.5409050011 5.1074384627 
4.5346586942 4.4061292131 
4.2306993708 3.7537215962 
3.0100873254 2.6784911130 
4.5346586942 4.4219506876 
4.5828183883 6.1250426250 
5.0188590444 6.3786311496 
2.2162792970 2.0723657050 
4.5828183883 5.6702160602 
4.2306993708 3.5799661838 
5.0188590444 6.8374298791 
4.3406017714 3.0138827477 
3.0559939400 2.9924810100 
3.0100873254 2.6784911130 
4.5409050011 5.4388379594 
1.9325056000 1.6993372358 
2.0396802506 1.8902565000 
- 
1.9325056000 1.6993372358 
5.3059072400 6.9935899700 
2.5752604000 2.3567343700 
2.2162792970 2.0723657050 
4.5409050011 5.1074384627 
1.9558294032 1.8902565000 
3.7368598044 3.2909844190 
4.5346586942 4.1090355269 
3.0100873254 2.6784911130 
4.5346586942 4.4219506876 
4.2306993708 3.5799661838 
4.2306993708 3.7537215962 
3.0100873254 2.9897334622 
3.0100873254 2.6784911130 
4.5409050011 5.4388379594 
4.1029945941 3.0138827477 
1.9325056000 1.6993372358 
5.0188590444 6.8374298791 
6.1695864367 5.6702160602 
5.4203819164 6.4828855978 
- 
1.9325056000 1.6993372358 
5.3059072400 6.9935899700 
4.5346586942 4.4219506876 
4.5409050011 5.1074384627 
1.9558294032 1.8902565000 
4.5346586942 4.1090355269 
3.7368598044 3.2909844190 
6.1695864367 5.6702160602 
5.4203819164 6.4828855978 
2.5752604000 2.3567343700 
3.0100873254 2.6784911130 
2.5752604000 2.3567343700 
2.2162792970 2.0723657050 
4.5409050011 5.4388379594 
3.0100873254 2.9897334622 
3.0100873254 2.6784911130 
1.9325056000 1.6993372358 
2.2162792970 2.0723657050 
4.2306993708 3.5799661838 
4.2306993708 3.7537215962 
- 
1.9325056000 1.6993372358 
5.3059072400 6.9935899700 
5.4203819164 6.4828855978 
6.1695864367 5.6702160602 
4.5346586942 4.4219506876 
3.7368598044 3.2909844190 
3.0100873254 2.9897334622 
3.0100873254 2.4989227088 
2.5752604000 2.3224274851 
4.5390314902 5.1074384627 
4.5409050011 5.4388379594 
2.2162792970 2.0723657050 
3.0100873254 2.7151512524 
3.0100873254 3.1759325935 
1.9325056000 1.6993372358 
1.9558294032 1.8902565000 
1.9558294032 1.8902565000 
2.2162792970 2.0723657050 
4.2306993708 3.5799661838 
4.5346586942 4.1090355269 
- 
1.9325056000 1.6993372358 
5.3059072400 6.9935899700 
5.4203819164 6.4828855978 
6.1695864367 5.6702160602 
4.5346586942 4.4219506876 
3.0100873254 2.7151512524 
3.7368598044 3.2909844190 
4.2306993708 3.5799661838 
4.5390314902 5.1074384627 
4.5346586942 4.1090355269 
2.5752604000 2.3224274851 
2.2162792970 2.0723657050 
3.0100873254 3.1759325935 
1.9325056000 1.6993372358 
1.9558294032 1.8902565000 
3.0100873254 2.9897334622 
2.2162792970 2.0723657050 
1.9558294032 1.8902565000 
5.3059072400 6.9935899700 
3.0100873254 2.4989227088 
- 
1.9325056000 1.6993372358 
5.3059072400 6.9935899700 
6.1695864367 5.6702160602 
5.4203819164 6.4828855978 
3.6343236937 3.6261398463 
4.5390314902 5.1074384627 
1.9325056000 1.9037101875 
3.0100873254 2.7151512524 
3.0100873254 2.4989227088 
3.7368598044 3.2909844190 
5.4203819164 3.9858587701 
4.5374690690 4.7395906763 
2.3170306922 2.3224274851 
2.2162792970 2.0723657050 
1.9325056000 1.6993372358 
3.0100873254 2.9897334622 
6.1695864367 6.8565058809 
2.2162792970 2.0723657050 
2.5752604000 2.3224274851 
4.5346586942 4.1090355269 
- 
1.9325056000 1.6993372358 
5.3059072400 6.9935899700 
6.1695864367 5.6702160602 
5.4203819164 6.4828855978 
2.1867227194 2.0723657050 
3.7368598044 3.2909844190 
4.5390314902 5.1074384627 
1.9325056000 1.9037101875 
3.0100873254 2.7151512524 
2.3470965439 2.3224274851 
3.6343236937 3.6261398463 
5.1191691193 4.6667236614 
4.5346586942 4.1090355269 
5.4203819164 3.8162125757 
3.0100873254 2.4989227088 
3.0100873254 2.9897334622 
1.9325056000 1.6993372358 
3.0100873254 2.9897334622 
3.0100873254 2.4353808350 
6.1695864367 6.8565058809 
- 
1.9325056000 1.6993372358 
5.3059072400 6.9935899700 
1.9325056000 1.9037101875 
4.5390314902 5.1074384627 
6.1695864367 5.6702160602 
5.4203819164 6.4828855978 
3.0100873254 2.7151512524 
6.1695864367 5.6702160602 
2.3470965439 2.2018147225 
4.5390314902 4.5584106303 
2.3470965439 2.3224274851 
3.7368598044 3.2909844190 
3.0100873254 2.9897334622 
1.9325056000 1.6993372358 
3.6343236937 3.6261398463 
4.5346586942 4.1090355269 
3.0100873254 2.8440606162 
3.7368598044 3.2909844190 
6.1695864367 6.8565058809 
2.1867227194 2.0723657050 
- 
1.9325056000 1.6993372358 
5.3059072400 6.9935899700 
1.9325056000 1.9037101875 
2.3470965439 2.3224274851 
2.1867227194 2.0723657050 
6.1695864367 6.4194441878 
6.1695864367 5.6702160602 
3.6343236937 3.6261398463 
5.6103452667 4.0086843679 
3.2123955390 2.5518169561 
2.3470965439 2.2018147225 
4.5390314902 4.5584106303 
3.7368598044 3.2909844190 
3.0100873254 2.9897334622 
4.3356518026 5.1074384627 
1.9325056000 1.6993372358 
5.3059072400 5.4454182553 
3.0100873254 2.8440606162 
4.1380768130 4.5584106303 
3.5349501687 3.5943688571 
- 
1.9325056000 1.6993372358 
5.3059072400 6.9935899700 
6.1695864367 6.4194441878 
6.1695864367 5.6702160602 
3.7368598044 3.2909844190 
2.3470965439 2.3224274851 
3.0100873254 2.8440606162 
3.0100873254 2.9897334622 
1.9325056000 1.9037101875 
4.3356518026 5.1074384627 
3.6343236937 4.0954331934 
2.3470965439 2.2018147225 
4.5390314902 4.5584106303 
3.2123955390 2.5518169561 
3.2123955390 2.5518169561 
3.6343236937 3.6261398463 
1.9325056000 1.6993372358 
4.1380768130 4.5584106303 
2.1867227194 2.0723657050 
5.3059072400 5.4454182553 
- 
1.9325056000 1.6993372358 
5.3059072400 6.9935899700 
3.7368598044 3.2909844190 
3.6343236937 4.0954331934 
1.9325056000 1.9037101875 
4.3356518026 5.1074384627 
6.1695864367 6.4194441878 
6.1695864367 5.6702160602 
4.1380768130 4.5584106303 
3.0100873254 2.8440606162 
3.0100873254 2.9897334622 
2.3470965439 2.2018147225 
3.1716553274 2.3448334296 
3.2123955390 2.5518169561 
1.9325056000 1.6993372358 
4.5390314902 4.5584106303 
4.1380768130 3.6566066687 
3.6343236937 3.6261398463 
5.3059072400 6.9935899700 
6.1695864367 6.4194441878 
- 
1.9325056000 1.6993372358 
5.3059072400 6.9935899700 
3.0337807593 2.5518169561 
3.7368598044 3.2909844190 
3.6343236937 4.0954331934 
3.0100873254 2.8440606162 
3.1716553274 2.3448334296 
1.9325056000 1.9037101875 
2.3470965439 2.2018147225 
6.1695864367 5.1248251727 
6.1695864367 5.6702160602 
6.1641618082 5.8278571870 
3.7277252105 4.4669747942 
4.3328725794 6.5083633035 
3.0100873254 2.9897334622 
1.9325056000 1.6993372358 
1.9325056000 1.9037101875 
5.6738189957 4.5584106303 
4.1380768130 3.6566066687 
4.4966837852 3.5190153057 
- 
5.3059072400 6.9935899700 
1.9325056000 1.6564629492 
2.3470965439 2.2018147225 
5.3059072400 6.3260551550 
5.6738189957 4.5584106303 
6.1695864367 5.1248251727 
1.9325056000 1.9037101875 
3.7277252105 4.4669747942 
3.0100873254 2.9897334622 
3.0100873254 2.8440606162 
3.6343236937 4.0954331934 
3.0337807593 2.6182126673 
3.0337807593 2.5518169561 
3.7368598044 3.2282241515 
1.9325056000 1.6993372358 
1.9325056000 1.9037101875 
6.1695864367 5.4174229732 
3.7368598044 3.2909844190 
6.1641618082 5.8278571870 
4.3328725794 3.7725058006 
- 
5.3059072400 6.9935899700 
1.9325056000 1.6564629492 
2.3470965439 2.2018147225 
5.3059072400 6.3260551550 
4.3328725794 3.7725058006 
5.5548274363 4.5584106303 
3.0337807593 2.5518169561 
6.1641618082 5.8278571870 
1.9325056000 1.9037101875 
5.1953711299 4.2710288322 
3.7368598044 3.2909844190 
6.1695864367 5.1248251727 
3.0100873254 2.8440606162 
1.9325056000 1.7103434573 
1.9325056000 1.8935908809 
3.0100873254 2.9897334622 
3.0100873254 3.1577823743 
3.0100873254 2.6789293508 
6.1695864367 5.4174229732 
3.6343236937 4.0954331934 
- 
5.3059072400 6.9935899700 
1.9325056000 1.6564629492 
3.0100873254 2.4785301585 
6.1641618082 5.8278571870 
2.3470965439 2.2018147225 
1.9325056000 1.9037101875 
4.3328725794 3.7725058006 
3.7368598044 3.2909844190 
2.3470965439 2.2018147225 
6.0274396439 6.6672442571 
1.9325056000 1.7103434573 
5.5548274363 4.5584106303 
6.1695864367 5.1248251727 
3.0100873254 2.8440606162 
3.0100873254 2.6789293508 
1.9325056000 1.8935908809 
3.0100873254 3.1577823743 
5.3059072400 6.3260551550 
3.0337807593 2.5518169561 
6.1695864367 5.4174229732 
- 
5.3059072400 6.9935899700 
1.9325056000 1.6564629492 
5.5548274363 4.5584106303 
3.7368598044 3.2909844190 
4.9855006661 3.8528942620 
4.3328725794 3.7725058006 
3.0100873254 2.4785301585 
6.1641618082 5.8278571870 
3.0337807593 3.1521561876 
3.0100873254 2.8440606162 
1.9325056000 1.9037101875 
2.3470965439 2.2018147225 
2.3470965439 2.2018147225 
6.0274396439 6.6672442571 
1.9325056000 1.7103434573 
3.0100873254 2.6789293508 
6.1695864367 5.1248251727 
1.9325056000 1.8935908809 
6.1695864367 5.4174229732 
5.3059072400 6.3260551550 
- 
5.3059072400 6.9935899700 
1.9325056000 1.6564629492 
5.5548274363 4.5584106303 
3.0100873254 2.4785301585 
3.7368598044 3.2909844190 
3.9727639778 4.0987835616 
6.1695864367 5.1248251727 
4.3328725794 3.7725058006 
1.9325056000 1.9037101875 
6.1641618082 5.8278571870 
2.3470965439 2.2018147225 
2.3470965439 2.2018147225 
1.9325056000 1.8935908809 
3.0337807593 3.1521561876 
3.0100873254 2.8440606162 
1.9325056000 1.7103434573 
5.3059072400 6.2859007852 
6.1695864367 5.4174229732 
5.3059072400 6.3260551550 
3.0100873254 2.6789293508 
- 
5.3059072400 6.9935899700 
1.9325056000 1.6564629492 
3.0100873254 2.4785301585 
6.1695864367 5.1248251727 
4.3328725794 3.7725058006 
3.0337807593 3.1521561876 
1.9325056000 1.9037101875 
2.3470965439 2.2018147225 
3.7368598044 3.3898397813 
3.0100873254 2.6789293508 
5.3059072400 6.3260551550 
2.3470965439 2.2018147225 
5.3059072400 6.9935899700 
4.0859217021 4.5584106303 
6.1641618082 4.5791734009 
3.9727639778 4.0987835616 
6.1641618082 5.8278571870 
1.9325056000 1.8935908809 
3.0100873254 2.8440606162 
1.9325056000 1.7103434573 
- 
5.3059072400 6.9935899700 
1.9325056000 1.6564629492 
1.9171645532 1.9037101875 
3.0100873254 2.4785301585 
6.1695864367 5.1248251727 
4.3328725794 3.7725058006 
2.3470965439 2.2018147225 
4.7582768934 5.6723944220 
2.3470965439 2.2018147225 
5.3059072400 6.9935899700 
5.3059072400 6.3260551550 
3.7368598044 3.3898397813 
6.1641618082 4.5791734009 
4.0859217021 4.5584106303 
1.9325056000 1.7103434573 
6.1411324067 4.0406302766 
3.0337807593 3.1521561876 
3.0100873254 2.8440606162 
3.0337807593 3.1521561876 
3.7368598044 3.3898397813 
- 
1.9325056000 1.6564629492 
4.9631205863 6.9935899700 
3.0100873254 2.8440606162 
4.3328725794 3.7725058006 
6.1695864367 5.1248251727 
3.5669009247 3.1378527697 
1.9171645532 1.9037101875 
2.3470965439 2.2018147225 
3.0100873254 2.4785301585 
4.7582768934 5.6723944220 
5.3059072400 6.3260551550 
3.0100873254 2.4785301585 
2.3470965439 2.2018147225 
5.3059072400 6.3260551550 
5.8706270810 4.6010621912 
3.7368598044 3.3898397813 
1.9171645532 1.9037101875 
1.9325056000 1.7103434573 
6.1411324067 4.0406302766 
4.7582768934 5.6723944220 
- 
1.9325056000 1.6564629492 
4.9631205863 6.9935899700 
3.0100873254 2.8440606162 
4.3328725794 3.7725058006 
2.3470965439 1.9345927400 
3.0100873254 2.4785301585 
4.7582768934 5.6723944220 
5.3059072400 6.3260551550 
2.3470965439 2.2018147225 
3.0100873254 2.4785301585 
2.3470965439 2.2018147225 
5.3569150758 6.7031459383 
1.9233359371 1.7311543002 
5.8706270810 4.6010621912 
6.1411324067 4.0406302766 
4.3328725794 3.4511162111 
3.5669009247 3.1378527697 
4.7582768934 4.7972353513 
6.1411324067 4.0406302766 
1.9263347833 1.8835853722 
- 
1.9325056000 1.6564629492 
4.9631205863 6.9935899700 
3.0100873254 2.8440606162 
4.3328725794 3.4511162111 
2.8438810946 2.4785301585 
4.7590388680 4.7972353513 
4.7582768934 5.6723944220 
2.6443499280 2.6705789110 
4.3328725794 3.7725058006 
4.3886413638 5.9578286391 
2.1869192128 2.3016250262 
2.5132545339 2.1179774400 
2.3470965439 1.9345927400 
3.5504000080 3.1378527697 
5.3569150758 6.7031459383 
1.9233359371 1.7311543002 
6.4719273921 4.2864779077 
1.9263347833 1.8835853722 
3.3405523923 3.1988476382 
4.6814688761 3.9523370574 
- 
1.9325056000 1.6564629492 
4.9631205863 6.9935899700 
4.3886413638 5.9578286391 
6.4719273921 4.2864779077 
6.0632744819 5.4604910949 
5.3569150758 6.7031459383 
4.6814688761 3.9523370574 
4.7590388680 4.7972353513 
4.3328725794 3.7725058006 
1.9263347833 1.8835853722 
2.1869192128 2.3016250262 
3.0100873254 2.8440606162 
3.5504000080 3.1378527697 
3.3405523923 3.1988476382 
2.8438810946 2.4785301585 
2.5132545339 2.1179774400 
2.3470965439 1.9345927400 
4.3328725794 3.4511162111 
4.3328725794 3.4511162111 
4.7590388680 4.7972353513 
- 
1.9325056000 1.6564629492 
4.9631205863 6.9935899700 
3.0100873254 2.8440606162 
4.3886413638 5.9578286391 
6.0632744819 5.4604910949 
5.2854232164 6.7031459383 
6.4719273921 4.2864779077 
2.1869192128 2.3016250262 
1.9263347833 1.8835853722 
4.7590388680 4.7972353513 
2.8438810946 2.4785301585 
4.3328725794 3.7725058006 
3.3405523923 3.1468676146 
1.9325056000 1.6564629492 
3.3405523923 3.1988476382 
2.8438810946 2.4785301585 
4.6814688761 3.9523370574 
2.5132545339 2.1179774400 
2.3470965439 1.9345927400 
4.3328725794 3.4511162111 
- 
1.9325056000 1.6564629492 
4.9631205863 6.9935899700 
4.7590388680 4.7972353513 
4.3886413638 5.9578286391 
5.2854232164 6.7031459383 
1.9263347833 1.8835853722 
6.0632744819 5.4604910949 
2.6452051663 2.6857104160 
3.3405523923 3.1468676146 
1.9325056000 1.6564629492 
2.5132545339 2.1179774400 
3.0100873254 2.8440606162 
3.3405523923 2.3331783068 
6.0685393914 3.9892386054 
6.4719273921 4.2864779077 
3.3405523923 3.1988476382 
2.1869192128 2.3016250262 
2.3470965439 1.9345927400 
4.5421432098 3.3953543562 
4.3328725794 3.7725058006 
- 
1.9325056000 1.6564629492 
4.9631205863 6.9935899700 
4.7186382081 5.4835404830 
5.2854232164 6.7031459383 
3.3405523923 2.3331783068 
3.0100873254 2.8440606162 
4.4099319288 5.9758544291 
4.7590388680 4.7972353513 
1.9263347833 1.8835853722 
5.7331765215 3.9892386054 
2.5132545339 2.1179774400 
6.4719273921 4.2864779077 
2.6452051663 2.6857104160 
2.3470965439 1.9345927400 
3.3405523923 3.1468676146 
1.9325056000 1.6564629492 
2.1869192128 2.3016250262 
4.5421432098 3.3953543562 
4.3328725794 3.7725058006 
3.3405523923 3.1988476382 
- 
1.9325056000 1.6564629492 
4.9631205863 6.9935899700 
4.7186382081 5.4835404830 
2.5132545339 2.1179774400 
2.9621159568 2.3331783068 
3.0100873254 2.8440606162 
4.7590388680 4.7972353513 
5.2854232164 6.7031459383 
1.9263347833 1.8835853722 
4.7840149542 6.0094052768 
3.0740062159 2.5196562586 
2.3470965439 1.9345927400 
3.3405523923 3.1468676146 
2.6452051663 2.6857104160 
1.9325056000 1.6564629492 
4.4099319288 5.9758544291 
6.4719273921 4.2864779077 
4.3328725794 3.5910195897 
4.3328725794 3.7725058006 
4.3822920176 4.6714981199 
- 
1.9325056000 1.6564629492 
4.9631205863 6.9935899700 
2.5132545339 2.1179774400 
2.9621159568 2.3331783068 
4.3524739506 4.2864779077 
4.3328725794 3.7725058006 
4.7186382081 5.4835404830 
1.9263347833 1.8835853722 
4.3822920176 3.4090385599 
5.2854232164 6.7031459383 
5.2995338829 6.2242273986 
3.3405523923 3.1468676146 
2.3470965439 1.9345927400 
3.0100873254 2.8440606162 
1.9325056000 1.6564629492 
4.7364815909 5.0949572906 
4.4099319288 5.9758544291 
4.3328725794 3.5910195897 
3.0740062159 2.5196562586 
6.1653892526 4.4446079319 
- 
1.9325056000 1.6564629492 
4.9631205863 6.9935899700 
3.0100873254 2.8440606162 
3.0740062159 2.5196562586 
2.5132545339 2.1179774400 
2.6735574409 2.3331783068 
4.3328725794 3.7725058006 
4.3524739506 4.2864779077 
1.9263347833 1.8835853722 
4.4099319288 5.9758544291 
4.3484590766 4.5281631113 
2.3470965439 1.9345927400 
4.4624034105 5.0818840203 
1.9325056000 1.6564629492 
3.3405523923 3.1468676146 
4.3822920176 3.4090385599 
3.3405523923 3.1468676146 
4.7186382081 5.4835404830 
5.2854232164 6.7031459383 
5.2995338829 6.2242273986 
- 
1.9325056000 1.6564629492 
4.9631205863 6.9935899700 
4.3328725794 3.7725058006 
4.4624034105 5.0818840203 
4.3370959570 4.2864779077 
3.0740062159 2.5196562586 
3.0100873254 2.8440606162 
1.9263347833 1.8835853722 
4.4099319288 5.9758544291 
1.9325056000 1.6564629492 
4.3484590766 4.5281631113 
3.0100873254 2.9588207528 
2.5132545339 2.1179774400 
2.6735574409 2.3331783068 
4.3822920176 3.4090385599 
3.3405523923 3.1468676146 
4.3822920176 3.4090385599 
2.5132545339 2.1179774400 
2.3470965439 1.9345927400 
5.1790602887 5.5403560400 
- 
1.9325056000 1.6564629492 
4.9631205863 6.9935899700 
4.4099319288 5.9758544291 
4.3220879819 3.7725058006 
4.9631205863 6.9935899700 
5.1790602887 5.5403560400 
3.0740062159 2.5196562586 
3.0100873254 2.8440606162 
4.3370959570 4.2864779077 
1.9325056000 1.6564629492 
1.9263347833 1.8835853722 
2.2108338696 1.9345927400 
4.3484590766 4.5281631113 
4.4624034105 5.0818840203 
2.6735574409 2.3331783068 
3.0100873254 2.9588207528 
4.4729422573 5.0818840203 
2.5132545339 2.1179774400 
4.3822920176 3.4090385599 
4.3822920176 3.4090385599 
- 
1.9325056000 1.6564629492 
4.9631205863 6.9935899700 
2.5132545339 2.1179774400 
4.3370959570 4.2864779077 
3.0100873254 2.9588207528 
4.3822920176 3.4090385599 
4.3484590766 4.5281631113 
5.1790602887 5.5403560400 
4.9814530873 5.8806051662 
1.9263347833 1.8835853722 
2.1841016942 1.9345927400 
3.0740062159 2.5196562586 
3.0100873254 2.8440606162 
4.3220879819 3.7725058006 
4.4330901631 6.4493977475 
1.9325056000 1.6564629492 
4.4624034105 5.0818840203 
5.1599167511 6.4928210174 
4.4729422573 5.0818840203 
2.6735574409 2.3331783068 
- 
1.9325056000 1.6564629492 
4.9631205863 6.9935899700 
4.3822920176 3.4090385599 
3.0100873254 2.9588207528 
4.3370959570 4.2864779077 
2.5132545339 2.1179774400 
1.9263347833 1.8835853722 
2.6735574409 2.3331783068 
3.0740062159 2.5196562586 
3.0100873254 2.8440606162 
4.3220879819 3.7725058006 
1.9325056000 1.6564629492 
4.9814530873 5.8806051662 
5.2520967696 4.5281631113 
2.6735574409 2.2296086308 
4.5117474729 6.1885106248 
4.4624034105 5.0818840203 
4.3220879819 3.7725058006 
2.1841016942 1.9345927400 
5.1599167511 6.4928210174 
- 
1.9325056000 1.6564629492 
4.9631205863 6.9935899700 
3.0100873254 2.9588207528 
4.2729651625 3.7725058006 
4.3822920176 3.4090385599 
4.9814530873 5.8319145888 
4.5106905665 5.0818840203 
4.3370959570 4.2864779077 
1.9325056000 1.6564629492 
1.9263347833 1.8835853722 
3.0740062159 2.5196562586 
5.2520967696 4.5281631113 
4.4624034105 5.0818840203 
3.0390590283 2.5907690187 
3.7617438743 3.5000244039 
3.0450359400 2.7735277383 
2.5132545339 2.1179774400 
2.1841016942 1.9345927400 
5.1599167511 6.4928210174 
2.6735574409 2.3331783068 
- 
1.9325056000 1.6564629492 
4.9631205863 6.9935899700 
4.9814530873 5.8319145888 
5.1599167511 6.4928210174 
4.2729651625 3.7725058006 
2.6735574409 2.3331783068 
4.2729651625 3.1243661236 
4.5106905665 5.0818840203 
2.5132545339 2.1179774400 
3.0100873254 2.9588207528 
4.3370959570 4.2864779077 
1.9325056000 1.6564629492 
1.9263347833 1.8835853722 
4.3822920176 3.4090385599 
3.0390590283 2.5907690187 
2.1788569483 2.0326543126 
4.3822920176 4.6648806249 
4.9631205863 6.9935899700 
4.4624034105 5.0818840203 
3.0740062159 2.5196562586 
- 
1.9325056000 1.6564629492 
4.9631205863 6.9935899700 
4.2729651625 3.7725058006 
5.0465603479 6.4928210174 
4.3370959570 4.2864779077 
1.9263347833 1.8835853722 
4.3822920176 3.4090385599 
4.3822920176 4.6648806249 
4.9814530873 5.8319145888 
4.5106905665 5.0818840203 
3.0100873254 2.9588207528 
3.0390590283 2.5907690187 
5.2968391488 5.8429165237 
2.6735574409 2.3331783068 
1.9325056000 1.6564629492 
3.0740062159 2.5196562586 
2.3688809831 2.2692167378 
4.9631205863 6.9935899700 
4.2729651625 3.1243661236 
4.4624034105 5.0818840203 
- 
