    ITER   EVALS
       0       0
       1      20
       2      37
       3      57
       4      77
       5      97
       6     115
       7     133
       8     151
       9     169
      10     187
      11     207
      12     225
      13     245
      14     263
      15     283
      16     300
      17     316
      18     334
      19     354
      20     374
      21     394
      22     410
      23     428
      24     448
      25     468
      26     482
      27     502
      28     520
      29     534
      30     553
      31     573
      32     591
      33     607
      34     625
      35     642
      36     658
      37     678
      38     694
      39     714
      40     730
      41     750
      42     765
      43     785
      44     805
      45     823
      46     843
      47     863
      48     883
      49     903
      50     923
      51     943
      52     963
      53     983
      54    1001
      55    1019
      56    1037
      57    1055
      58    1075
      59    1091
      60    1111
      61    1125
      62    1141
      63    1161
      64    1177
      65    1197
      66    1217
      67    1234
      68    1251
      69    1271
      70    1280
      71    1298
      72    1314
      73    1332
      74    1350
      75    1368
      76    1386
      77    1406
      78    1422
      79    1438
      80    1456
      81    1475
      82    1493
      83    1513
      84    1531
      85    1549
      86    1569
      87    1589
      88    1603
      89    1619
      90    1639
      91    1655
      92    1673
      93    1691
      94    1707
      95    1727
      96    1747
      97    1763
      98    1779
      99    1796
     100    1816
     101    1836
     102    1856
     103    1876
     104    1896
     105    1910
     106    1926
     107    1946
     108    1963
     109    1980
     110    2000